0 1
0.00502513 0.993433
0.0100503 0.98689
0.0150754 0.980373
0.0201005 0.97388
0.0251256 0.967412
0.0301508 0.960969
0.0351759 0.954549
0.040201 0.948154
0.0452261 0.941783
0.0502513 0.935435
0.0552764 0.929111
0.0603015 0.922811
0.0653266 0.916534
0.0703518 0.91028
0.0753769 0.904049
0.080402 0.897841
0.0854271 0.891655
0.0904523 0.885492
0.0954774 0.879351
0.100503 0.873233
0.105528 0.867137
0.110553 0.861062
0.115578 0.855009
0.120603 0.848978
0.125628 0.842969
0.130653 0.83698
0.135678 0.831013
0.140704 0.825067
0.145729 0.819141
0.150754 0.813236
0.155779 0.807352
0.160804 0.801488
0.165829 0.795645
0.170854 0.789821
0.175879 0.784017
0.180905 0.778234
0.18593 0.77247
0.190955 0.766725
0.19598 0.761
0.201005 0.755294
0.20603 0.749607
0.211055 0.743939
0.21608 0.738289
0.221106 0.732659
0.226131 0.727047
0.231156 0.721453
0.236181 0.715877
0.241206 0.71032
0.246231 0.70478
0.251256 0.699259
0.256281 0.693755
0.261307 0.688268
0.266332 0.682799
0.271357 0.677347
0.276382 0.671912
0.281407 0.666494
0.286432 0.661093
0.291457 0.655709
0.296482 0.650341
0.301508 0.64499
0.306533 0.639655
0.311558 0.634336
0.316583 0.629033
0.321608 0.623746
0.326633 0.618475
0.331658 0.613219
0.336683 0.607979
0.341709 0.602754
0.346734 0.597544
0.351759 0.59235
0.356784 0.58717
0.361809 0.582006
0.366834 0.576856
0.371859 0.57172
0.376884 0.566599
0.38191 0.561493
0.386935 0.5564
0.39196 0.551322
0.396985 0.546257
0.40201 0.541206
0.407035 0.536169
0.41206 0.531146
0.417085 0.526135
0.422111 0.521139
0.427136 0.516155
0.432161 0.511184
0.437186 0.506227
0.442211 0.501282
0.447236 0.496349
0.452261 0.491429
0.457286 0.486522
0.462312 0.481627
0.467337 0.476744
0.472362 0.471873
0.477387 0.467014
0.482412 0.462167
0.487437 0.457332
0.492462 0.452508
0.497487 0.447695
0.502513 0.442894
0.507538 0.438104
0.512563 0.433325
0.517588 0.428557
0.522613 0.4238
0.527638 0.419053
0.532663 0.414317
0.537688 0.409592
0.542714 0.404877
0.547739 0.400172
0.552764 0.395477
0.557789 0.390792
0.562814 0.386117
0.567839 0.381452
0.572864 0.376796
0.577889 0.37215
0.582915 0.367514
0.58794 0.362886
0.592965 0.358268
0.59799 0.353659
0.603015 0.349059
0.60804 0.344467
0.613065 0.339885
0.61809 0.335311
0.623116 0.330745
0.628141 0.326188
0.633166 0.321639
0.638191 0.317098
0.643216 0.312565
0.648241 0.30804
0.653266 0.303522
0.658291 0.299013
0.663317 0.294511
0.668342 0.290016
0.673367 0.285529
0.678392 0.281049
0.683417 0.276576
0.688442 0.27211
0.693467 0.267651
0.698492 0.263198
0.703518 0.258753
0.708543 0.254313
0.713568 0.249881
0.718593 0.245454
0.723618 0.241034
0.728643 0.23662
0.733668 0.232212
0.738693 0.227809
0.743719 0.223413
0.748744 0.219022
0.753769 0.214636
0.758794 0.210256
0.763819 0.205882
0.768844 0.201512
0.773869 0.197148
0.778894 0.192788
0.78392 0.188434
0.788945 0.184084
0.79397 0.179739
0.798995 0.175398
0.80402 0.171062
0.809045 0.16673
0.81407 0.162403
0.819095 0.158079
0.824121 0.15376
0.829146 0.149444
0.834171 0.145132
0.839196 0.140824
0.844221 0.136519
0.849246 0.132218
0.854271 0.12792
0.859296 0.123625
0.864322 0.119334
0.869347 0.115045
0.874372 0.11076
0.879397 0.106477
0.884422 0.102197
0.889447 0.0979191
0.894472 0.0936441
0.899497 0.0893713
0.904523 0.0851009
0.909548 0.0808326
0.914573 0.0765663
0.919598 0.072302
0.924623 0.0680395
0.929648 0.0637787
0.934673 0.0595195
0.939698 0.0552619
0.944724 0.0510056
0.949749 0.0467506
0.954774 0.0424968
0.959799 0.038244
0.964824 0.0339923
0.969849 0.0297414
0.974874 0.0254912
0.979899 0.0212417
0.984925 0.0169927
0.98995 0.0127442
0.994975 0.00849592
1 0.00424791
