0 1
0.00502513 0.992835
0.0100503 0.985695
0.0150754 0.97858
0.0201005 0.97149
0.0251256 0.964425
0.0301508 0.957386
0.0351759 0.950372
0.040201 0.943383
0.0452261 0.936419
0.0502513 0.929481
0.0552764 0.922566
0.0603015 0.915678
0.0653266 0.908814
0.0703518 0.901976
0.0753769 0.895162
0.080402 0.888374
0.0854271 0.88161
0.0904523 0.874873
0.0954774 0.868158
0.100503 0.861471
0.105528 0.854806
0.110553 0.848169
0.115578 0.841553
0.120603 0.834966
0.125628 0.828401
0.130653 0.821864
0.135678 0.815348
0.140704 0.808861
0.145729 0.802394
0.150754 0.795957
0.155779 0.78954
0.160804 0.783152
0.165829 0.776784
0.170854 0.770446
0.175879 0.764128
0.180905 0.75784
0.18593 0.751571
0.190955 0.745332
0.19598 0.739112
0.201005 0.732923
0.20603 0.726752
0.211055 0.720612
0.21608 0.71449
0.221106 0.708399
0.226131 0.702326
0.231156 0.696285
0.236181 0.69026
0.241206 0.684268
0.246231 0.678292
0.251256 0.672348
0.256281 0.666421
0.261307 0.660526
0.266332 0.654647
0.271357 0.648801
0.276382 0.64297
0.281407 0.637172
0.286432 0.63139
0.291457 0.62564
0.296482 0.619905
0.301508 0.614203
0.306533 0.608517
0.311558 0.602862
0.316583 0.597223
0.321608 0.591617
0.326633 0.586025
0.331658 0.580466
0.336683 0.574921
0.341709 0.569409
0.346734 0.563912
0.351759 0.558446
0.356784 0.552995
0.361809 0.547577
0.366834 0.542172
0.371859 0.5368
0.376884 0.531442
0.38191 0.526116
0.386935 0.520803
0.39196 0.515523
0.396985 0.510256
0.40201 0.505021
0.407035 0.499799
0.41206 0.49461
0.417085 0.489433
0.422111 0.484288
0.427136 0.479156
0.432161 0.474056
0.437186 0.468967
0.442211 0.463911
0.447236 0.458867
0.452261 0.453854
0.457286 0.448854
0.462312 0.443884
0.467337 0.438926
0.472362 0.434
0.477387 0.429085
0.482412 0.424201
0.487437 0.419328
0.492462 0.414486
0.497487 0.409655
0.502513 0.404854
0.507538 0.400064
0.512563 0.395305
0.517588 0.390556
0.522613 0.385837
0.527638 0.381128
0.532663 0.376449
0.537688 0.37178
0.542714 0.36714
0.547739 0.36251
0.552764 0.35791
0.557789 0.353318
0.562814 0.348756
0.567839 0.344203
0.572864 0.339678
0.577889 0.335163
0.582915 0.330675
0.58794 0.326197
0.592965 0.321746
0.59799 0.317303
0.603015 0.312888
0.60804 0.308482
0.613065 0.304102
0.61809 0.29973
0.623116 0.295385
0.628141 0.291048
0.633166 0.286737
0.638191 0.282433
0.643216 0.278155
0.648241 0.273884
0.653266 0.269639
0.658291 0.265401
0.663317 0.261187
0.668342 0.25698
0.673367 0.252798
0.678392 0.248621
0.683417 0.244469
0.688442 0.240323
0.693467 0.236201
0.698492 0.232084
0.703518 0.22799
0.708543 0.223902
0.713568 0.219836
0.718593 0.215775
0.723618 0.211736
0.728643 0.207703
0.733668 0.20369
0.738693 0.199683
0.743719 0.195695
0.748744 0.191713
0.753769 0.187751
0.758794 0.183793
0.763819 0.179854
0.768844 0.17592
0.773869 0.172004
0.778894 0.168093
0.78392 0.164199
0.788945 0.160309
0.79397 0.156436
0.798995 0.152567
0.80402 0.148715
0.809045 0.144866
0.81407 0.141033
0.819095 0.137203
0.824121 0.133388
0.829146 0.129577
0.834171 0.125779
0.839196 0.121985
0.844221 0.118204
0.849246 0.114426
0.854271 0.11066
0.859296 0.106898
0.864322 0.103147
0.869347 0.0993986
0.874372 0.0956614
0.879397 0.0919265
0.884422 0.0882019
0.889447 0.0844795
0.894472 0.0807666
0.899497 0.0770556
0.904523 0.0733534
0.909548 0.0696529
0.914573 0.0659603
0.919598 0.0622694
0.924623 0.0585854
0.929648 0.054903
0.934673 0.0512268
0.939698 0.0475518
0.944724 0.0438823
0.949749 0.0402138
0.954774 0.0365499
0.959799 0.032887
0.964824 0.0292278
0.969849 0.0255693
0.974874 0.0219137
0.979899 0.0182587
0.984925 0.0146057
0.98995 0.0109532
0.994975 0.00730185
1 0.00365072
