
# iter = 100
0 1
0.00502513 0.920322
0.0100503 0.842226
0.0150754 0.764151
0.0201005 0.690591
0.0251256 0.617049
0.0301508 0.55045
0.0351759 0.483865
0.040201 0.425913
0.0452261 0.367972
0.0502513 0.319513
0.0552764 0.271062
0.0603015 0.232127
0.0653266 0.193198
0.0703518 0.163147
0.0753769 0.133099
0.080402 0.110822
0.0854271 0.0885476
0.0904523 0.0726904
0.0954774 0.0568351
0.100503 0.0460001
0.105528 0.0351662
0.110553 0.0280616
0.115578 0.0209578
0.120603 0.016489
0.125628 0.0120206
0.130653 0.00932528
0.135678 0.00663015
0.140704 0.00507195
0.145729 0.00351388
0.150754 0.0026509
0.155779 0.00178798
0.160804 0.00133035
0.165829 0.000872754
0.170854 0.000640529
0.175879 0.00040832
0.180905 0.000295624
0.18593 0.000182936
0.190955 0.000130672
0.19598 7.84117e-05
0.201005 5.52666e-05
0.20603 3.21229e-05
0.211055 2.23434e-05
0.21608 1.25645e-05
0.221106 8.62562e-06
0.226131 4.68692e-06
0.231156 3.17612e-06
0.236181 1.6654e-06
0.241206 1.11417e-06
0.246231 5.62961e-07
0.251256 3.71868e-07
0.256281 1.80785e-07
0.261307 1.17926e-07
0.266332 5.50699e-08
0.271357 3.54776e-08
0.276382 1.58862e-08
0.281407 1.01091e-08
0.286432 4.33214e-09
0.291457 2.72332e-09
0.296482 1.11456e-09
0.301508 6.92245e-10
0.306533 2.69949e-10
0.311558 1.65674e-10
0.316583 6.14033e-11
0.321608 3.72422e-11
0.326633 1.3082e-11
0.331658 7.84229e-12
0.336683 2.60275e-12
0.341709 1.54233e-12
0.346734 4.81951e-13
0.351759 2.82343e-13
0.356784 8.27428e-14
0.361809 4.79276e-14
0.366834 1.31137e-14
0.371859 7.51124e-15
0.376884 1.909e-15
0.38191 1.08137e-15
0.386935 2.53772e-16
0.39196 1.42182e-16
0.396985 3.0595e-17
0.40201 1.69563e-17
0.407035 3.31794e-18
0.41206 1.81918e-18
0.417085 3.20459e-19
0.422111 1.73841e-19
0.427136 2.72276e-20
0.432161 1.46154e-20
0.437186 2.00347e-21
0.442211 1.06426e-21
0.447236 1.25077e-22
0.452261 6.57584e-23
0.457286 6.44166e-24
0.462312 3.35217e-24
0.467337 2.62759e-25
0.472362 1.35357e-25
0.477387 7.95913e-27
0.482412 4.05909e-27
0.487437 1.59151e-28
0.492462 8.03624e-29
0.497487 1.57575e-30
0.502513 7.87866e-31
0.507538 0
0.512563 0
0.517588 0
0.522613 0
0.527638 0
0.532663 0
0.537688 0
0.542714 0
0.547739 0
0.552764 0
0.557789 0
0.562814 0
0.567839 0
0.572864 0
0.577889 0
0.582915 0
0.58794 0
0.592965 0
0.59799 0
0.603015 0
0.60804 0
0.613065 0
0.61809 0
0.623116 0
0.628141 0
0.633166 0
0.638191 0
0.643216 0
0.648241 0
0.653266 0
0.658291 0
0.663317 0
0.668342 0
0.673367 0
0.678392 0
0.683417 0
0.688442 0
0.693467 0
0.698492 0
0.703518 0
0.708543 0
0.713568 0
0.718593 0
0.723618 0
0.728643 0
0.733668 0
0.738693 0
0.743719 0
0.748744 0
0.753769 0
0.758794 0
0.763819 0
0.768844 0
0.773869 0
0.778894 0
0.78392 0
0.788945 0
0.79397 0
0.798995 0
0.80402 0
0.809045 0
0.81407 0
0.819095 0
0.824121 0
0.829146 0
0.834171 0
0.839196 0
0.844221 0
0.849246 0
0.854271 0
0.859296 0
0.864322 0
0.869347 0
0.874372 0
0.879397 0
0.884422 0
0.889447 0
0.894472 0
0.899497 0
0.904523 0
0.909548 0
0.914573 0
0.919598 0
0.924623 0
0.929648 0
0.934673 0
0.939698 0
0.944724 0
0.949749 0
0.954774 0
0.959799 0
0.964824 0
0.969849 0
0.974874 0
0.979899 0
0.984925 0
0.98995 0
0.994975 0
1 0
1 0

# iter = 1000
0 1
0.00502513 0.974469
0.0100503 0.949013
0.0150754 0.923581
0.0201005 0.898321
0.0251256 0.873083
0.0301508 0.848113
0.0351759 0.823164
0.040201 0.798576
0.0452261 0.774009
0.0502513 0.74989
0.0552764 0.725791
0.0603015 0.702225
0.0653266 0.678677
0.0703518 0.65574
0.0753769 0.63282
0.080402 0.610582
0.0854271 0.58836
0.0904523 0.566885
0.0954774 0.545425
0.100503 0.524767
0.105528 0.504123
0.110553 0.484329
0.115578 0.464548
0.120603 0.445657
0.125628 0.426778
0.130653 0.408819
0.135678 0.390871
0.140704 0.373866
0.145729 0.356871
0.150754 0.340833
0.155779 0.324803
0.160804 0.309736
0.165829 0.294677
0.170854 0.280579
0.175879 0.266487
0.180905 0.253347
0.18593 0.240214
0.190955 0.228016
0.19598 0.215823
0.201005 0.204544
0.20603 0.193271
0.211055 0.182883
0.21608 0.1725
0.221106 0.162971
0.226131 0.153447
0.231156 0.144741
0.236181 0.136038
0.241206 0.128115
0.246231 0.120195
0.251256 0.113014
0.256281 0.105835
0.261307 0.0993517
0.266332 0.0928707
0.271357 0.0870406
0.276382 0.0812127
0.281407 0.0759911
0.286432 0.0707714
0.291457 0.0661134
0.296482 0.0614571
0.301508 0.0573184
0.306533 0.0531812
0.311558 0.0495187
0.316583 0.0458575
0.321608 0.0426292
0.326633 0.0394021
0.331658 0.036568
0.336683 0.0337349
0.341709 0.0312568
0.346734 0.0287795
0.351759 0.0266213
0.356784 0.0244638
0.361809 0.0225917
0.366834 0.0207203
0.371859 0.0191029
0.376884 0.0174861
0.38191 0.0160944
0.386935 0.0147031
0.39196 0.0135104
0.396985 0.012318
0.40201 0.0112998
0.407035 0.010282
0.41206 0.0094164
0.417085 0.00855103
0.422111 0.00781806
0.427136 0.00708529
0.432161 0.00646711
0.437186 0.0058491
0.442211 0.00532984
0.447236 0.00481071
0.452261 0.00437628
0.457286 0.00394196
0.462312 0.00357996
0.467337 0.00321806
0.472362 0.00291764
0.477387 0.00261728
0.482412 0.00236896
0.487437 0.00212069
0.492462 0.00191626
0.497487 0.00171187
0.502513 0.00154425
0.507538 0.00137666
0.512563 0.00123977
0.517588 0.00110291
0.522613 0.000991572
0.527638 0.000880257
0.532663 0.000790063
0.537688 0.000699888
0.542714 0.000627118
0.547739 0.000554364
0.552764 0.00049589
0.557789 0.000437427
0.562814 0.000390629
0.567839 0.00034384
0.572864 0.000306538
0.577889 0.000269243
0.582915 0.00023963
0.58794 0.000210022
0.592965 0.000186608
0.59799 0.000163199
0.603015 0.000144761
0.60804 0.000126327
0.613065 0.000111867
0.61809 9.74092e-05
0.623116 8.61141e-05
0.628141 7.48212e-05
0.633166 6.60342e-05
0.638191 5.7249e-05
0.643216 5.04409e-05
0.648241 4.36341e-05
0.653266 3.83806e-05
0.658291 3.31281e-05
0.663317 2.90907e-05
0.668342 2.5054e-05
0.673367 2.19638e-05
0.678392 1.88741e-05
0.683417 1.65183e-05
0.688442 1.41631e-05
0.693467 1.23746e-05
0.698492 1.05865e-05
0.703518 9.23417e-06
0.708543 7.88212e-06
0.713568 6.86379e-06
0.718593 5.84564e-06
0.723618 5.08191e-06
0.728643 4.31832e-06
0.733668 3.74787e-06
0.738693 3.17752e-06
0.743719 2.75318e-06
0.748744 2.3289e-06
0.753769 2.01452e-06
0.758794 1.7002e-06
0.763819 1.46824e-06
0.768844 1.23632e-06
0.773869 1.06588e-06
0.778894 8.95461e-07
0.78392 7.70726e-07
0.788945 6.46011e-07
0.79397 5.55101e-07
0.798995 4.64205e-07
0.80402 3.98218e-07
0.809045 3.32241e-07
0.81407 2.84541e-07
0.819095 2.36848e-07
0.824121 2.02508e-07
0.829146 1.68172e-07
0.834171 1.43552e-07
0.839196 1.18934e-07
0.844221 1.01354e-07
0.849246 8.3777e-08
0.854271 7.12759e-08
0.859296 5.87766e-08
0.864322 4.99235e-08
0.869347 4.10716e-08
0.874372 3.48277e-08
0.879397 2.85847e-08
0.884422 2.4199e-08
0.889447 1.9814e-08
0.894472 1.67461e-08
0.899497 1.36786e-08
0.904523 1.15411e-08
0.909548 9.40394e-09
0.914573 7.92056e-09
0.919598 6.43737e-09
0.924623 5.41168e-09
0.929648 4.38612e-09
0.934673 3.67908e-09
0.939698 2.97213e-09
0.944724 2.48561e-09
0.949749 1.99915e-09
0.954774 1.66399e-09
0.959799 1.32887e-09
0.964824 1.09626e-09
0.969849 8.63677e-10
0.974874 6.98865e-10
0.979899 5.34072e-10
0.984925 4.11792e-10
0.98995 2.89523e-10
0.994975 1.90543e-10
1 9.15683e-11
1 0

# iter = 10000
0 1
0.00502513 0.991042
0.0100503 0.982111
0.0150754 0.973205
0.0201005 0.964327
0.0251256 0.955474
0.0301508 0.946652
0.0351759 0.937853
0.040201 0.929089
0.0452261 0.920347
0.0502513 0.911641
0.0552764 0.902959
0.0603015 0.894314
0.0653266 0.885692
0.0703518 0.87711
0.0753769 0.86855
0.080402 0.860033
0.0854271 0.851538
0.0904523 0.843087
0.0954774 0.834658
0.100503 0.826276
0.105528 0.817915
0.110553 0.809603
0.115578 0.801311
0.120603 0.793071
0.125628 0.78485
0.130653 0.776683
0.135678 0.768536
0.140704 0.760445
0.145729 0.752372
0.150754 0.744357
0.155779 0.736362
0.160804 0.728425
0.165829 0.720507
0.170854 0.712651
0.175879 0.704812
0.180905 0.697038
0.18593 0.68928
0.190955 0.681588
0.19598 0.673914
0.201005 0.666306
0.20603 0.658715
0.211055 0.651193
0.21608 0.643688
0.221106 0.636253
0.226131 0.628834
0.231156 0.621487
0.236181 0.614156
0.241206 0.606899
0.246231 0.599657
0.251256 0.592491
0.256281 0.585339
0.261307 0.578264
0.266332 0.571204
0.271357 0.564221
0.276382 0.557253
0.281407 0.550364
0.286432 0.543489
0.291457 0.536695
0.296482 0.529914
0.301508 0.523215
0.306533 0.516529
0.311558 0.509926
0.316583 0.503336
0.321608 0.496829
0.326633 0.490335
0.331658 0.483926
0.336683 0.477529
0.341709 0.471217
0.346734 0.464917
0.351759 0.458704
0.356784 0.452502
0.361809 0.446387
0.366834 0.440284
0.371859 0.434268
0.376884 0.428263
0.38191 0.422346
0.386935 0.416439
0.39196 0.410622
0.396985 0.404814
0.40201 0.399096
0.407035 0.393388
0.41206 0.387769
0.417085 0.382159
0.422111 0.37664
0.427136 0.371129
0.432161 0.365708
0.437186 0.360297
0.442211 0.354975
0.447236 0.349662
0.452261 0.344439
0.457286 0.339224
0.462312 0.334099
0.467337 0.328982
0.472362 0.323955
0.477387 0.318935
0.482412 0.314005
0.487437 0.309083
0.492462 0.304249
0.497487 0.299424
0.502513 0.294686
0.507538 0.289956
0.512563 0.285313
0.517588 0.280678
0.522613 0.27613
0.527638 0.271589
0.532663 0.267135
0.537688 0.262688
0.542714 0.258326
0.547739 0.253971
0.552764 0.249701
0.557789 0.245437
0.562814 0.241257
0.567839 0.237084
0.572864 0.232994
0.577889 0.22891
0.582915 0.224908
0.58794 0.220912
0.592965 0.216997
0.59799 0.213088
0.603015 0.209259
0.60804 0.205435
0.613065 0.20169
0.61809 0.19795
0.623116 0.194289
0.628141 0.190632
0.633166 0.187051
0.638191 0.183475
0.643216 0.179975
0.648241 0.176478
0.653266 0.173056
0.658291 0.169638
0.663317 0.166292
0.668342 0.162951
0.673367 0.15968
0.678392 0.156413
0.683417 0.153215
0.688442 0.150021
0.693467 0.146895
0.698492 0.143772
0.703518 0.140716
0.708543 0.137663
0.713568 0.134673
0.718593 0.131688
0.723618 0.128765
0.728643 0.125845
0.733668 0.122985
0.738693 0.120129
0.743719 0.117331
0.748744 0.114536
0.753769 0.111799
0.758794 0.109064
0.763819 0.106383
0.768844 0.103706
0.773869 0.101082
0.778894 0.0984596
0.78392 0.0958886
0.788945 0.09332
0.79397 0.0908003
0.798995 0.0882829
0.80402 0.0858123
0.809045 0.0833439
0.81407 0.0809202
0.819095 0.0784986
0.824121 0.0761196
0.829146 0.0737425
0.834171 0.0714058
0.839196 0.069071
0.844221 0.0667744
0.849246 0.0644796
0.854271 0.0622208
0.859296 0.0599635
0.864322 0.0577402
0.869347 0.0555183
0.874372 0.0533279
0.879397 0.051139
0.884422 0.0489794
0.889447 0.046821
0.894472 0.0446897
0.899497 0.0425595
0.904523 0.0404541
0.909548 0.0383497
0.914573 0.0362677
0.919598 0.0341867
0.924623 0.0321258
0.929648 0.0300657
0.934673 0.0280234
0.939698 0.0259818
0.944724 0.0239556
0.949749 0.02193
0.954774 0.0199175
0.959799 0.0179055
0.964824 0.0159042
0.969849 0.0139033
0.974874 0.0119108
0.979899 0.00991854
0.984925 0.00793225
0.98995 0.00594616
0.994975 0.00396364
1 0.00198122
1 0
