0 1
0.0025 0.996721
0.005 0.993447
0.0075 0.99018
0.01 0.986919
0.0125 0.983665
0.015 0.980416
0.0175 0.977174
0.02 0.973938
0.0225 0.970707
0.025 0.967483
0.0275 0.964265
0.03 0.961053
0.0325 0.957847
0.035 0.954647
0.0375 0.951453
0.04 0.948265
0.0425 0.945082
0.045 0.941906
0.0475 0.938736
0.05 0.935571
0.0525 0.932412
0.055 0.92926
0.0575 0.926112
0.06 0.922971
0.0625 0.919836
0.065 0.916706
0.0675 0.913582
0.07 0.910463
0.0725 0.907351
0.075 0.904244
0.0775 0.901143
0.08 0.898047
0.0825 0.894957
0.085 0.891872
0.0875 0.888793
0.09 0.88572
0.0925 0.882652
0.095 0.87959
0.0975 0.876533
0.1 0.873482
0.1025 0.870436
0.105 0.867395
0.1075 0.86436
0.11 0.861331
0.1125 0.858307
0.115 0.855288
0.1175 0.852274
0.12 0.849266
0.1225 0.846263
0.125 0.843266
0.1275 0.840273
0.13 0.837286
0.1325 0.834304
0.135 0.831328
0.1375 0.828356
0.14 0.82539
0.1425 0.822429
0.145 0.819473
0.1475 0.816522
0.15 0.813576
0.1525 0.810636
0.155 0.8077
0.1575 0.80477
0.16 0.801844
0.1625 0.798924
0.165 0.796008
0.1675 0.793098
0.17 0.790192
0.1725 0.787292
0.175 0.784396
0.1775 0.781505
0.18 0.778619
0.1825 0.775738
0.185 0.772862
0.1875 0.769991
0.19 0.767124
0.1925 0.764262
0.195 0.761405
0.1975 0.758553
0.2 0.755706
0.2025 0.752863
0.205 0.750025
0.2075 0.747191
0.21 0.744363
0.2125 0.741539
0.215 0.738719
0.2175 0.735904
0.22 0.733094
0.2225 0.730289
0.225 0.727488
0.2275 0.724691
0.23 0.721899
0.2325 0.719112
0.235 0.716329
0.2375 0.71355
0.24 0.710776
0.2425 0.708007
0.245 0.705241
0.2475 0.702481
0.25 0.699724
0.2525 0.696972
0.255 0.694225
0.2575 0.691481
0.26 0.688742
0.2625 0.686008
0.265 0.683277
0.2675 0.680551
0.27 0.677829
0.2725 0.675112
0.275 0.672398
0.2775 0.669689
0.28 0.666984
0.2825 0.664283
0.285 0.661587
0.2875 0.658894
0.29 0.656206
0.2925 0.653521
0.295 0.650841
0.2975 0.648165
0.3 0.645493
0.3025 0.642825
0.305 0.64016
0.3075 0.6375
0.31 0.634844
0.3125 0.632192
0.315 0.629544
0.3175 0.6269
0.32 0.624259
0.3225 0.621623
0.325 0.61899
0.3275 0.616362
0.33 0.613737
0.3325 0.611116
0.335 0.608499
0.3375 0.605885
0.34 0.603276
0.3425 0.60067
0.345 0.598068
0.3475 0.59547
0.35 0.592875
0.3525 0.590284
0.355 0.587697
0.3575 0.585114
0.36 0.582534
0.3625 0.579957
0.365 0.577385
0.3675 0.574816
0.37 0.57225
0.3725 0.569689
0.375 0.56713
0.3775 0.564576
0.38 0.562024
0.3825 0.559477
0.385 0.556933
0.3875 0.554392
0.39 0.551855
0.3925 0.549321
0.395 0.546791
0.3975 0.544264
0.4 0.54174
0.4025 0.53922
0.405 0.536703
0.4075 0.53419
0.41 0.53168
0.4125 0.529173
0.415 0.526669
0.4175 0.524169
0.42 0.521672
0.4225 0.519179
0.425 0.516688
0.4275 0.514201
0.43 0.511717
0.4325 0.509237
0.435 0.506759
0.4375 0.504285
0.44 0.501813
0.4425 0.499345
0.445 0.49688
0.4475 0.494418
0.45 0.49196
0.4525 0.489504
0.455 0.487051
0.4575 0.484602
0.46 0.482155
0.4625 0.479712
0.465 0.477271
0.4675 0.474833
0.47 0.472399
0.4725 0.469967
0.475 0.467538
0.4775 0.465113
0.48 0.46269
0.4825 0.46027
0.485 0.457853
0.4875 0.455438
0.49 0.453027
0.4925 0.450618
0.495 0.448213
0.4975 0.44581
0.5 0.443409
0.5025 0.441012
0.505 0.438617
0.5075 0.436225
0.51 0.433836
0.5125 0.43145
0.515 0.429066
0.5175 0.426685
0.52 0.424307
0.5225 0.421931
0.525 0.419558
0.5275 0.417187
0.53 0.414819
0.5325 0.412454
0.535 0.410091
0.5375 0.407731
0.54 0.405373
0.5425 0.403018
0.545 0.400666
0.5475 0.398316
0.55 0.395968
0.5525 0.393623
0.555 0.39128
0.5575 0.38894
0.56 0.386602
0.5625 0.384267
0.565 0.381934
0.5675 0.379603
0.57 0.377275
0.5725 0.374949
0.575 0.372626
0.5775 0.370305
0.58 0.367986
0.5825 0.365669
0.585 0.363355
0.5875 0.361043
0.59 0.358733
0.5925 0.356426
0.595 0.354121
0.5975 0.351817
0.6 0.349517
0.6025 0.347218
0.605 0.344921
0.6075 0.342627
0.61 0.340335
0.6125 0.338045
0.615 0.335757
0.6175 0.333471
0.62 0.331187
0.6225 0.328906
0.625 0.326626
0.6275 0.324348
0.63 0.322073
0.6325 0.319799
0.635 0.317528
0.6375 0.315258
0.64 0.31299
0.6425 0.310725
0.645 0.308461
0.6475 0.306199
0.65 0.303939
0.6525 0.301681
0.655 0.299425
0.6575 0.297171
0.66 0.294919
0.6625 0.292668
0.665 0.290419
0.6675 0.288172
0.67 0.285927
0.6725 0.283684
0.675 0.281443
0.6775 0.279203
0.68 0.276965
0.6825 0.274729
0.685 0.272494
0.6875 0.270261
0.69 0.26803
0.6925 0.2658
0.695 0.263573
0.6975 0.261346
0.7 0.259122
0.7025 0.256899
0.705 0.254678
0.7075 0.252458
0.71 0.25024
0.7125 0.248023
0.715 0.245808
0.7175 0.243595
0.72 0.241383
0.7225 0.239172
0.725 0.236963
0.7275 0.234756
0.73 0.23255
0.7325 0.230345
0.735 0.228142
0.7375 0.22594
0.74 0.22374
0.7425 0.221541
0.745 0.219343
0.7475 0.217147
0.75 0.214952
0.7525 0.212759
0.755 0.210567
0.7575 0.208376
0.76 0.206187
0.7625 0.203998
0.765 0.201811
0.7675 0.199626
0.77 0.197441
0.7725 0.195258
0.775 0.193076
0.7775 0.190895
0.78 0.188716
0.7825 0.186537
0.785 0.18436
0.7875 0.182184
0.79 0.180009
0.7925 0.177835
0.795 0.175663
0.7975 0.173491
0.8 0.17132
0.8025 0.169151
0.805 0.166983
0.8075 0.164815
0.81 0.162649
0.8125 0.160484
0.815 0.158319
0.8175 0.156156
0.82 0.153994
0.8225 0.151832
0.825 0.149672
0.8275 0.147512
0.83 0.145354
0.8325 0.143196
0.835 0.141039
0.8375 0.138884
0.84 0.136729
0.8425 0.134574
0.845 0.132421
0.8475 0.130269
0.85 0.128117
0.8525 0.125966
0.855 0.123816
0.8575 0.121667
0.86 0.119518
0.8625 0.11737
0.865 0.115223
0.8675 0.113077
0.87 0.110931
0.8725 0.108786
0.875 0.106642
0.8775 0.104498
0.88 0.102355
0.8825 0.100213
0.885 0.0980714
0.8875 0.0959304
0.89 0.0937899
0.8925 0.09165
0.895 0.0895107
0.8975 0.0873719
0.9 0.0852337
0.9025 0.083096
0.905 0.0809589
0.9075 0.0788222
0.91 0.0766861
0.9125 0.0745504
0.915 0.0724152
0.9175 0.0702804
0.92 0.0681461
0.9225 0.0660122
0.925 0.0638787
0.9275 0.0617456
0.93 0.0596129
0.9325 0.0574806
0.935 0.0553486
0.9375 0.053217
0.94 0.0510857
0.9425 0.0489548
0.945 0.0468241
0.9475 0.0446937
0.95 0.0425636
0.9525 0.0404338
0.955 0.0383042
0.9575 0.0361749
0.96 0.0340458
0.9625 0.0319169
0.965 0.0297882
0.9675 0.0276597
0.97 0.0255314
0.9725 0.0234032
0.975 0.0212752
0.9775 0.0191473
0.98 0.0170195
0.9825 0.0148918
0.985 0.0127643
0.9875 0.0106368
0.99 0.00850932
0.9925 0.00638195
0.995 0.00425461
0.9975 0.0021273
1 0
