
# iter = 1
0 1
0.00334448 0.500003
0.00668896 0
0.0100334 0
0.0133779 0
0.0167224 0
0.0200669 0
0.0234114 0
0.0267559 0
0.0301003 0
0.0334448 0
0.0367893 0
0.0401338 0
0.0434783 0
0.0468227 0
0.0501672 0
0.0535117 0
0.0568562 0
0.0602007 0
0.0635452 0
0.0668896 0
0.0702341 0
0.0735786 0
0.0769231 0
0.0802676 0
0.083612 0
0.0869565 0
0.090301 0
0.0936455 0
0.09699 0
0.100334 0
0.103679 0
0.107023 0
0.110368 0
0.113712 0
0.117057 0
0.120401 0
0.123746 0
0.12709 0
0.130435 0
0.133779 0
0.137124 0
0.140468 0
0.143813 0
0.147157 0
0.150502 0
0.153846 0
0.157191 0
0.160535 0
0.16388 0
0.167224 0
0.170569 0
0.173913 0
0.177258 0
0.180602 0
0.183946 0
0.187291 0
0.190635 0
0.19398 0
0.197324 0
0.200669 0
0.204013 0
0.207358 0
0.210702 0
0.214047 0
0.217391 0
0.220736 0
0.22408 0
0.227425 0
0.230769 0
0.234114 0
0.237458 0
0.240803 0
0.244147 0
0.247492 0
0.250836 0
0.254181 0
0.257525 0
0.26087 0
0.264214 0
0.267559 0
0.270903 0
0.274247 0
0.277592 0
0.280936 0
0.284281 0
0.287625 0
0.29097 0
0.294314 0
0.297659 0
0.301003 0
0.304348 0
0.307692 0
0.311037 0
0.314381 0
0.317726 0
0.32107 0
0.324415 0
0.327759 0
0.331104 0
0.334448 0
0.337793 0
0.341137 0
0.344482 0
0.347826 0
0.351171 0
0.354515 0
0.35786 0
0.361204 0
0.364548 0
0.367893 0
0.371237 0
0.374582 0
0.377926 0
0.381271 0
0.384615 0
0.38796 0
0.391304 0
0.394649 0
0.397993 0
0.401338 0
0.404682 0
0.408027 0
0.411371 0
0.414716 0
0.41806 0
0.421405 0
0.424749 0
0.428094 0
0.431438 0
0.434783 0
0.438127 0
0.441472 0
0.444816 0
0.448161 0
0.451505 0
0.454849 0
0.458194 0
0.461538 0
0.464883 0
0.468227 0
0.471572 0
0.474916 0
0.478261 0
0.481605 0
0.48495 0
0.488294 0
0.491639 0
0.494983 0
0.498328 0
0.501672 0
0.505017 0
0.508361 0
0.511706 0
0.51505 0
0.518395 0
0.521739 0
0.525084 0
0.528428 0
0.531773 0
0.535117 0
0.538462 0
0.541806 0
0.545151 0
0.548495 0
0.551839 0
0.555184 0
0.558528 0
0.561873 0
0.565217 0
0.568562 0
0.571906 0
0.575251 0
0.578595 0
0.58194 0
0.585284 0
0.588629 0
0.591973 0
0.595318 0
0.598662 0
0.602007 0
0.605351 0
0.608696 0
0.61204 0
0.615385 0
0.618729 0
0.622074 0
0.625418 0
0.628763 0
0.632107 0
0.635452 0
0.638796 0
0.64214 0
0.645485 0
0.648829 0
0.652174 0
0.655518 0
0.658863 0
0.662207 0
0.665552 0
0.668896 0
0.672241 0
0.675585 0
0.67893 0
0.682274 0
0.685619 0
0.688963 0
0.692308 0
0.695652 0
0.698997 0
0.702341 0
0.705686 0
0.70903 0
0.712375 0
0.715719 0
0.719064 0
0.722408 0
0.725753 0
0.729097 0
0.732441 0
0.735786 0
0.73913 0
0.742475 0
0.745819 0
0.749164 0
0.752508 0
0.755853 0
0.759197 0
0.762542 0
0.765886 0
0.769231 0
0.772575 0
0.77592 0
0.779264 0
0.782609 0
0.785953 0
0.789298 0
0.792642 0
0.795987 0
0.799331 0
0.802676 0
0.80602 0
0.809365 0
0.812709 0
0.816054 0
0.819398 0
0.822742 0
0.826087 0
0.829431 0
0.832776 0
0.83612 0
0.839465 0
0.842809 0
0.846154 0
0.849498 0
0.852843 0
0.856187 0
0.859532 0
0.862876 0
0.866221 0
0.869565 0
0.87291 0
0.876254 0
0.879599 0
0.882943 0
0.886288 0
0.889632 0
0.892977 0
0.896321 0
0.899666 0
0.90301 0
0.906355 0
0.909699 0
0.913043 0
0.916388 0
0.919732 0
0.923077 0
0.926421 0
0.929766 0
0.93311 0
0.936455 0
0.939799 0
0.943144 0
0.946488 0
0.949833 0
0.953177 0
0.956522 0
0.959866 0
0.963211 0
0.966555 0
0.9699 0
0.973244 0
0.976589 0
0.979933 0
0.983278 0
0.986622 0
0.989967 0
0.993311 0
0.996656 0
1 0
1 0

# iter = 10
0 1
0.00334448 0.753916
0.00668896 0.548841
0.0100334 0.34376
0.0133779 0.226571
0.0167224 0.109379
0.0200669 0.0654327
0.0234114 0.0214854
0.0267559 0.0117194
0.0301003 0.00195322
0.0334448 0.000976617
0.0367893 0
0.0401338 0
0.0434783 0
0.0468227 0
0.0501672 0
0.0535117 0
0.0568562 0
0.0602007 0
0.0635452 0
0.0668896 0
0.0702341 0
0.0735786 0
0.0769231 0
0.0802676 0
0.083612 0
0.0869565 0
0.090301 0
0.0936455 0
0.09699 0
0.100334 0
0.103679 0
0.107023 0
0.110368 0
0.113712 0
0.117057 0
0.120401 0
0.123746 0
0.12709 0
0.130435 0
0.133779 0
0.137124 0
0.140468 0
0.143813 0
0.147157 0
0.150502 0
0.153846 0
0.157191 0
0.160535 0
0.16388 0
0.167224 0
0.170569 0
0.173913 0
0.177258 0
0.180602 0
0.183946 0
0.187291 0
0.190635 0
0.19398 0
0.197324 0
0.200669 0
0.204013 0
0.207358 0
0.210702 0
0.214047 0
0.217391 0
0.220736 0
0.22408 0
0.227425 0
0.230769 0
0.234114 0
0.237458 0
0.240803 0
0.244147 0
0.247492 0
0.250836 0
0.254181 0
0.257525 0
0.26087 0
0.264214 0
0.267559 0
0.270903 0
0.274247 0
0.277592 0
0.280936 0
0.284281 0
0.287625 0
0.29097 0
0.294314 0
0.297659 0
0.301003 0
0.304348 0
0.307692 0
0.311037 0
0.314381 0
0.317726 0
0.32107 0
0.324415 0
0.327759 0
0.331104 0
0.334448 0
0.337793 0
0.341137 0
0.344482 0
0.347826 0
0.351171 0
0.354515 0
0.35786 0
0.361204 0
0.364548 0
0.367893 0
0.371237 0
0.374582 0
0.377926 0
0.381271 0
0.384615 0
0.38796 0
0.391304 0
0.394649 0
0.397993 0
0.401338 0
0.404682 0
0.408027 0
0.411371 0
0.414716 0
0.41806 0
0.421405 0
0.424749 0
0.428094 0
0.431438 0
0.434783 0
0.438127 0
0.441472 0
0.444816 0
0.448161 0
0.451505 0
0.454849 0
0.458194 0
0.461538 0
0.464883 0
0.468227 0
0.471572 0
0.474916 0
0.478261 0
0.481605 0
0.48495 0
0.488294 0
0.491639 0
0.494983 0
0.498328 0
0.501672 0
0.505017 0
0.508361 0
0.511706 0
0.51505 0
0.518395 0
0.521739 0
0.525084 0
0.528428 0
0.531773 0
0.535117 0
0.538462 0
0.541806 0
0.545151 0
0.548495 0
0.551839 0
0.555184 0
0.558528 0
0.561873 0
0.565217 0
0.568562 0
0.571906 0
0.575251 0
0.578595 0
0.58194 0
0.585284 0
0.588629 0
0.591973 0
0.595318 0
0.598662 0
0.602007 0
0.605351 0
0.608696 0
0.61204 0
0.615385 0
0.618729 0
0.622074 0
0.625418 0
0.628763 0
0.632107 0
0.635452 0
0.638796 0
0.64214 0
0.645485 0
0.648829 0
0.652174 0
0.655518 0
0.658863 0
0.662207 0
0.665552 0
0.668896 0
0.672241 0
0.675585 0
0.67893 0
0.682274 0
0.685619 0
0.688963 0
0.692308 0
0.695652 0
0.698997 0
0.702341 0
0.705686 0
0.70903 0
0.712375 0
0.715719 0
0.719064 0
0.722408 0
0.725753 0
0.729097 0
0.732441 0
0.735786 0
0.73913 0
0.742475 0
0.745819 0
0.749164 0
0.752508 0
0.755853 0
0.759197 0
0.762542 0
0.765886 0
0.769231 0
0.772575 0
0.77592 0
0.779264 0
0.782609 0
0.785953 0
0.789298 0
0.792642 0
0.795987 0
0.799331 0
0.802676 0
0.80602 0
0.809365 0
0.812709 0
0.816054 0
0.819398 0
0.822742 0
0.826087 0
0.829431 0
0.832776 0
0.83612 0
0.839465 0
0.842809 0
0.846154 0
0.849498 0
0.852843 0
0.856187 0
0.859532 0
0.862876 0
0.866221 0
0.869565 0
0.87291 0
0.876254 0
0.879599 0
0.882943 0
0.886288 0
0.889632 0
0.892977 0
0.896321 0
0.899666 0
0.90301 0
0.906355 0
0.909699 0
0.913043 0
0.916388 0
0.919732 0
0.923077 0
0.926421 0
0.929766 0
0.93311 0
0.936455 0
0.939799 0
0.943144 0
0.946488 0
0.949833 0
0.953177 0
0.956522 0
0.959866 0
0.963211 0
0.966555 0
0.9699 0
0.973244 0
0.976589 0
0.979933 0
0.983278 0
0.986622 0
0.989967 0
0.993311 0
0.996656 0
1 0
1 0

# iter = 100
0 1
0.00334448 0.92045
0.00668896 0.842451
0.0100334 0.764443
0.0133779 0.690931
0.0167224 0.617411
0.0200669 0.550824
0.0234114 0.484231
0.0267559 0.426269
0.0301003 0.368303
0.0334448 0.319822
0.0367893 0.271338
0.0401338 0.232377
0.0434783 0.193414
0.0468227 0.163338
0.0501672 0.13326
0.0535117 0.110961
0.0568562 0.0886609
0.0602007 0.0727865
0.0635452 0.0569114
0.0668896 0.0460636
0.0702341 0.0352153
0.0735786 0.0281018
0.0769231 0.020988
0.0802676 0.0165133
0.083612 0.0120384
0.0869565 0.00933938
0.090301 0.00664021
0.0936455 0.00507979
0.09699 0.00351931
0.100334 0.00265507
0.103679 0.00179079
0.107023 0.00133248
0.110368 0.000874148
0.113712 0.000641568
0.117057 0.00040898
0.120401 0.000296109
0.123746 0.000183235
0.12709 0.000130889
0.130435 7.85412e-05
0.133779 5.53591e-05
0.137124 3.21765e-05
0.140468 2.23812e-05
0.143813 1.25856e-05
0.147157 8.64029e-06
0.150502 4.69485e-06
0.153846 3.18156e-06
0.157191 1.66823e-06
0.160535 1.11608e-06
0.16388 5.63924e-07
0.167224 3.72512e-07
0.170569 1.81096e-07
0.173913 1.18131e-07
0.177258 5.5165e-08
0.180602 3.55396e-08
0.183946 1.59138e-08
0.187291 1.01268e-08
0.190635 4.33968e-09
0.19398 2.72811e-09
0.197324 1.11651e-09
0.200669 6.93468e-10
0.204013 2.70422e-10
0.207358 1.65967e-10
0.210702 6.15112e-11
0.214047 3.73084e-11
0.217391 1.31051e-11
0.220736 7.85626e-12
0.22408 2.60735e-12
0.227425 1.54508e-12
0.230769 4.82804e-13
0.234114 2.82848e-13
0.237458 8.28896e-14
0.240803 4.80136e-14
0.244147 1.3137e-14
0.247492 7.52473e-15
0.250836 1.9124e-15
0.254181 1.08332e-15
0.257525 2.54224e-16
0.26087 1.42438e-16
0.264214 3.06497e-17
0.267559 1.69869e-17
0.270903 3.32387e-18
0.274247 1.82246e-18
0.277592 3.21033e-19
0.280936 1.74156e-19
0.284281 2.72764e-20
0.287625 1.46418e-20
0.29097 2.00706e-21
0.294314 1.06619e-21
0.297659 1.25301e-22
0.301003 6.58777e-23
0.304348 6.45325e-24
0.307692 3.35826e-24
0.311037 2.63232e-25
0.314381 1.35604e-25
0.317726 7.97348e-27
0.32107 4.06648e-27
0.324415 1.59438e-28
0.327759 8.05088e-29
0.331104 1.5786e-30
0.334448 7.89302e-31
0.337793 0
0.341137 0
0.344482 0
0.347826 0
0.351171 0
0.354515 0
0.35786 0
0.361204 0
0.364548 0
0.367893 0
0.371237 0
0.374582 0
0.377926 0
0.381271 0
0.384615 0
0.38796 0
0.391304 0
0.394649 0
0.397993 0
0.401338 0
0.404682 0
0.408027 0
0.411371 0
0.414716 0
0.41806 0
0.421405 0
0.424749 0
0.428094 0
0.431438 0
0.434783 0
0.438127 0
0.441472 0
0.444816 0
0.448161 0
0.451505 0
0.454849 0
0.458194 0
0.461538 0
0.464883 0
0.468227 0
0.471572 0
0.474916 0
0.478261 0
0.481605 0
0.48495 0
0.488294 0
0.491639 0
0.494983 0
0.498328 0
0.501672 0
0.505017 0
0.508361 0
0.511706 0
0.51505 0
0.518395 0
0.521739 0
0.525084 0
0.528428 0
0.531773 0
0.535117 0
0.538462 0
0.541806 0
0.545151 0
0.548495 0
0.551839 0
0.555184 0
0.558528 0
0.561873 0
0.565217 0
0.568562 0
0.571906 0
0.575251 0
0.578595 0
0.58194 0
0.585284 0
0.588629 0
0.591973 0
0.595318 0
0.598662 0
0.602007 0
0.605351 0
0.608696 0
0.61204 0
0.615385 0
0.618729 0
0.622074 0
0.625418 0
0.628763 0
0.632107 0
0.635452 0
0.638796 0
0.64214 0
0.645485 0
0.648829 0
0.652174 0
0.655518 0
0.658863 0
0.662207 0
0.665552 0
0.668896 0
0.672241 0
0.675585 0
0.67893 0
0.682274 0
0.685619 0
0.688963 0
0.692308 0
0.695652 0
0.698997 0
0.702341 0
0.705686 0
0.70903 0
0.712375 0
0.715719 0
0.719064 0
0.722408 0
0.725753 0
0.729097 0
0.732441 0
0.735786 0
0.73913 0
0.742475 0
0.745819 0
0.749164 0
0.752508 0
0.755853 0
0.759197 0
0.762542 0
0.765886 0
0.769231 0
0.772575 0
0.77592 0
0.779264 0
0.782609 0
0.785953 0
0.789298 0
0.792642 0
0.795987 0
0.799331 0
0.802676 0
0.80602 0
0.809365 0
0.812709 0
0.816054 0
0.819398 0
0.822742 0
0.826087 0
0.829431 0
0.832776 0
0.83612 0
0.839465 0
0.842809 0
0.846154 0
0.849498 0
0.852843 0
0.856187 0
0.859532 0
0.862876 0
0.866221 0
0.869565 0
0.87291 0
0.876254 0
0.879599 0
0.882943 0
0.886288 0
0.889632 0
0.892977 0
0.896321 0
0.899666 0
0.90301 0
0.906355 0
0.909699 0
0.913043 0
0.916388 0
0.919732 0
0.923077 0
0.926421 0
0.929766 0
0.93311 0
0.936455 0
0.939799 0
0.943144 0
0.946488 0
0.949833 0
0.953177 0
0.956522 0
0.959866 0
0.963211 0
0.966555 0
0.9699 0
0.973244 0
0.976589 0
0.979933 0
0.983278 0
0.986622 0
0.989967 0
0.993311 0
0.996656 0
1 0
1 0

# iter = 1000
0 1
0.00334448 0.974911
0.00668896 0.949861
0.0100334 0.924801
0.0133779 0.899882
0.0167224 0.874953
0.0200669 0.850264
0.0234114 0.825565
0.0267559 0.801204
0.0301003 0.776833
0.0334448 0.752892
0.0367893 0.728942
0.0401338 0.705508
0.0434783 0.682067
0.0468227 0.659223
0.0501672 0.636372
0.0535117 0.614193
0.0568562 0.592007
0.0602007 0.57056
0.0635452 0.549107
0.0668896 0.528451
0.0702341 0.50779
0.0735786 0.487976
0.0769231 0.468157
0.0802676 0.449227
0.083612 0.430293
0.0869565 0.412281
0.090301 0.394264
0.0936455 0.377193
0.09699 0.360118
0.100334 0.344004
0.103679 0.327887
0.107023 0.312738
0.110368 0.297586
0.113712 0.283401
0.117057 0.269213
0.120401 0.255984
0.123746 0.242752
0.12709 0.230463
0.130435 0.218173
0.133779 0.206804
0.137124 0.195433
0.140468 0.184957
0.143813 0.17448
0.147157 0.164866
0.150502 0.15525
0.153846 0.146462
0.157191 0.137672
0.160535 0.129671
0.16388 0.121669
0.167224 0.114414
0.170569 0.107157
0.173913 0.100605
0.177258 0.0940515
0.180602 0.0881575
0.183946 0.0822625
0.187291 0.0769819
0.190635 0.0717005
0.19398 0.0669885
0.197324 0.0622757
0.200669 0.0580879
0.204013 0.0538994
0.207358 0.0501923
0.210702 0.0464847
0.214047 0.0432164
0.217391 0.0399476
0.220736 0.0370776
0.22408 0.0342072
0.227425 0.0316972
0.230769 0.0291868
0.234114 0.0270003
0.237458 0.0248136
0.240803 0.0229166
0.244147 0.0210194
0.247492 0.0193802
0.250836 0.0177408
0.254181 0.0163301
0.257525 0.0149192
0.26087 0.0137099
0.264214 0.0125005
0.267559 0.011468
0.270903 0.0104355
0.274247 0.00955763
0.277592 0.00867964
0.280936 0.00793616
0.284281 0.0071926
0.287625 0.00656547
0.29097 0.00593828
0.294314 0.00541143
0.297659 0.00488452
0.301003 0.00444369
0.304348 0.00400281
0.307692 0.00363543
0.311037 0.00326802
0.314381 0.0029631
0.317726 0.00265814
0.32107 0.00240607
0.324415 0.00215397
0.327759 0.00194643
0.331104 0.00173887
0.334448 0.00156868
0.337793 0.00139848
0.341137 0.00125948
0.344482 0.00112047
0.347826 0.00100741
0.351171 0.00089433
0.354515 0.000802732
0.35786 0.000711125
0.361204 0.000637216
0.364548 0.000563301
0.367893 0.000503906
0.371237 0.000444505
0.374582 0.000396967
0.377926 0.000349424
0.381271 0.000311529
0.384615 0.000273631
0.38796 0.000243545
0.391304 0.000213457
0.394649 0.000189668
0.397993 0.000165877
0.401338 0.000147142
0.404682 0.000128406
0.408027 0.000113712
0.411371 9.90172e-05
0.414716 8.75391e-05
0.41806 7.60599e-05
0.421405 6.713e-05
0.424749 5.81994e-05
0.428094 5.12802e-05
0.431438 4.43604e-05
0.434783 3.9021e-05
0.438127 3.3681e-05
0.441472 2.95773e-05
0.444816 2.54732e-05
0.448161 2.2332e-05
0.451505 1.91906e-05
0.454849 1.6796e-05
0.458194 1.44011e-05
0.461538 1.2583e-05
0.464883 1.07648e-05
0.468227 9.39005e-06
0.471572 8.0152e-06
0.474916 6.97991e-06
0.478261 5.94454e-06
0.481605 5.16806e-06
0.48495 4.39152e-06
0.488294 3.81153e-06
0.491639 3.23149e-06
0.494983 2.80003e-06
0.498328 2.36853e-06
0.501672 2.04887e-06
0.505017 1.72918e-06
0.508361 1.49332e-06
0.511706 1.25744e-06
0.51505 1.08411e-06
0.518395 9.10779e-07
0.521739 7.83933e-07
0.525084 6.5708e-07
0.528428 5.64628e-07
0.531773 4.72171e-07
0.535117 4.05064e-07
0.538462 3.37952e-07
0.541806 2.8944e-07
0.545151 2.40925e-07
0.548495 2.05999e-07
0.551839 1.71071e-07
0.555184 1.4603e-07
0.558528 1.20988e-07
0.561873 1.03107e-07
0.565217 8.52253e-08
0.568562 7.25102e-08
0.571906 5.97942e-08
0.575251 5.07894e-08
0.578595 4.1784e-08
0.58194 3.5433e-08
0.585284 2.90816e-08
0.588629 2.46207e-08
0.591973 2.01596e-08
0.595318 1.70393e-08
0.598662 1.39188e-08
0.602007 1.17451e-08
0.605351 9.57127e-09
0.608696 8.06329e-09
0.61204 6.55523e-09
0.615385 5.51339e-09
0.618729 4.4715e-09
0.622074 3.75468e-09
0.625418 3.03783e-09
0.628763 2.54667e-09
0.632107 2.05549e-09
0.635452 1.72035e-09
0.638796 1.38519e-09
0.64214 1.15745e-09
0.645485 9.29693e-10
0.648829 7.75576e-10
0.652174 6.2145e-10
0.655518 5.17588e-10
0.658863 4.13721e-10
0.662207 3.44017e-10
0.665552 2.74309e-10
0.668896 2.27723e-10
0.672241 1.81135e-10
0.675585 1.50129e-10
0.67893 1.19122e-10
0.682274 9.85714e-11
0.685619 7.80199e-11
0.688963 6.44559e-11
0.692308 5.08912e-11
0.695652 4.19758e-11
0.698997 3.30598e-11
0.702341 2.72243e-11
0.705686 2.13884e-11
0.70903 1.75846e-11
0.712375 1.37807e-11
0.715719 1.13117e-11
0.719064 8.84256e-12
0.722408 7.24664e-12
0.725753 5.65063e-12
0.729097 4.62337e-12
0.732441 3.59606e-12
0.735786 2.93759e-12
0.73913 2.2791e-12
0.742475 1.8588e-12
0.745819 1.43848e-12
0.749164 1.17133e-12
0.752508 9.04171e-13
0.755853 7.35077e-13
0.759197 5.65974e-13
0.762542 4.59395e-13
0.765886 3.52811e-13
0.769231 2.85917e-13
0.772575 2.1902e-13
0.77592 1.77211e-13
0.779264 1.354e-13
0.782609 1.0938e-13
0.785953 8.33579e-14
0.789298 6.72318e-14
0.792642 5.11051e-14
0.795987 4.11533e-14
0.799331 3.1201e-14
0.802676 2.50855e-14
0.80602 1.89696e-14
0.809365 1.52274e-14
0.812709 1.1485e-14
0.816054 9.20479e-15
0.819398 6.92445e-15
0.822742 5.54093e-15
0.826087 4.15735e-15
0.829431 3.32148e-15
0.832776 2.48556e-15
0.83612 1.9827e-15
0.839465 1.47981e-15
0.842809 1.17857e-15
0.846154 8.77321e-16
0.849498 6.97635e-16
0.852843 5.1794e-16
0.856187 4.11216e-16
0.859532 3.04486e-16
0.862876 2.41367e-16
0.866221 1.78246e-16
0.869565 1.41076e-16
0.87291 1.03904e-16
0.876254 8.21088e-17
0.879599 6.03124e-17
0.882943 4.75868e-17
0.886288 3.48607e-17
0.889632 2.74626e-17
0.892977 2.00641e-17
0.896321 1.57816e-17
0.899666 1.14989e-17
0.90301 9.03056e-18
0.906355 6.5621e-18
0.909699 5.14551e-18
0.913043 3.72886e-18
0.916388 2.91937e-18
0.919732 2.10986e-18
0.923077 1.64929e-18
0.926421 1.1887e-18
0.929766 9.27782e-19
0.93311 6.66853e-19
0.936455 5.19679e-19
0.939799 3.72498e-19
0.943144 2.8984e-19
0.946488 2.07179e-19
0.949833 1.60956e-19
0.953177 1.14731e-19
0.956522 8.89928e-20
0.959866 6.32532e-20
0.963211 4.8979e-20
0.966555 3.47042e-20
0.9699 2.68141e-20
0.973244 1.89238e-20
0.976589 1.45661e-20
0.979933 1.02083e-20
0.983278 7.78291e-21
0.986622 5.35744e-21
0.989967 3.95905e-21
0.993311 2.56063e-21
0.996656 1.65805e-21
1 7.55462e-22
1 0

# iter = 5000
0 1
0.00334448 0.989028
0.00668896 0.97805
0.0100334 0.967061
0.0133779 0.956075
0.0167224 0.945078
0.0200669 0.934094
0.0234114 0.923099
0.0267559 0.912127
0.0301003 0.901144
0.0334448 0.890193
0.0367893 0.879231
0.0401338 0.86831
0.0434783 0.85738
0.0468227 0.846499
0.0501672 0.835609
0.0535117 0.824777
0.0568562 0.813936
0.0602007 0.803163
0.0635452 0.792381
0.0668896 0.781675
0.0702341 0.77096
0.0735786 0.760329
0.0769231 0.749691
0.0802676 0.739145
0.083612 0.728591
0.0869565 0.718137
0.090301 0.707676
0.0936455 0.697323
0.09699 0.686962
0.100334 0.676718
0.103679 0.666466
0.107023 0.656337
0.110368 0.6462
0.113712 0.636194
0.117057 0.626181
0.120401 0.616304
0.123746 0.606421
0.12709 0.59668
0.130435 0.586933
0.133779 0.577334
0.137124 0.56773
0.140468 0.558279
0.143813 0.548822
0.147157 0.539526
0.150502 0.530223
0.153846 0.521084
0.157191 0.51194
0.160535 0.502965
0.16388 0.493984
0.167224 0.485177
0.170569 0.476364
0.173913 0.467728
0.177258 0.459087
0.180602 0.450627
0.183946 0.442162
0.187291 0.43388
0.190635 0.425593
0.19398 0.417493
0.197324 0.409388
0.200669 0.401472
0.204013 0.393552
0.207358 0.385822
0.210702 0.378087
0.214047 0.370545
0.217391 0.362999
0.220736 0.355647
0.22408 0.348291
0.227425 0.341129
0.230769 0.333963
0.234114 0.326993
0.237458 0.320019
0.240803 0.31324
0.244147 0.306458
0.247492 0.299871
0.250836 0.293281
0.254181 0.286886
0.257525 0.280488
0.26087 0.274284
0.264214 0.268077
0.267559 0.262063
0.270903 0.256047
0.274247 0.250223
0.277592 0.244396
0.280936 0.238759
0.284281 0.23312
0.287625 0.22767
0.29097 0.222217
0.294314 0.216952
0.297659 0.211683
0.301003 0.2066
0.304348 0.201514
0.307692 0.196611
0.311037 0.191705
0.314381 0.186979
0.317726 0.182251
0.32107 0.177699
0.324415 0.173146
0.327759 0.168766
0.331104 0.164385
0.334448 0.160174
0.337793 0.155961
0.341137 0.151916
0.344482 0.147869
0.347826 0.143985
0.351171 0.1401
0.354515 0.136376
0.35786 0.13265
0.361204 0.12908
0.364548 0.125509
0.367893 0.122091
0.371237 0.118671
0.374582 0.115401
0.377926 0.112129
0.381271 0.109002
0.384615 0.105874
0.38796 0.102887
0.391304 0.0998984
0.394649 0.0970472
0.397993 0.094195
0.401338 0.0914757
0.404682 0.0887554
0.408027 0.086164
0.411371 0.0835717
0.414716 0.0811042
0.41806 0.0786358
0.421405 0.0762881
0.424749 0.0739396
0.428094 0.0717078
0.431438 0.0694751
0.434783 0.0673551
0.438127 0.0652343
0.441472 0.0632221
0.444816 0.0612092
0.448161 0.0593009
0.451505 0.0573919
0.454849 0.0555836
0.458194 0.0537747
0.461538 0.0520625
0.464883 0.0503497
0.468227 0.0487299
0.471572 0.0471094
0.474916 0.0455781
0.478261 0.0440463
0.481605 0.0425999
0.48495 0.041153
0.488294 0.0397879
0.491639 0.0384224
0.494983 0.037135
0.498328 0.0358472
0.501672 0.0346342
0.505017 0.0334208
0.508361 0.0322786
0.511706 0.0311362
0.51505 0.0300617
0.518395 0.0289869
0.521739 0.0279769
0.525084 0.0269666
0.528428 0.0260179
0.531773 0.025069
0.535117 0.0241787
0.538462 0.0232881
0.541806 0.0224532
0.545151 0.0216181
0.548495 0.0208358
0.551839 0.0200533
0.555184 0.0193209
0.558528 0.0185882
0.561873 0.0179031
0.565217 0.0172177
0.568562 0.0165773
0.571906 0.0159367
0.575251 0.0153385
0.578595 0.0147402
0.58194 0.014182
0.585284 0.0136236
0.588629 0.0131031
0.591973 0.0125824
0.595318 0.0120974
0.598662 0.0116122
0.602007 0.0111607
0.605351 0.0107091
0.608696 0.010289
0.61204 0.0098689
0.615385 0.00947848
0.618729 0.00908796
0.622074 0.00872537
0.625418 0.00836267
0.628763 0.00802619
0.632107 0.00768961
0.635452 0.0073776
0.638796 0.0070655
0.64214 0.00677642
0.645485 0.00648726
0.648829 0.00621964
0.652174 0.00595195
0.655518 0.00570439
0.658863 0.00545677
0.662207 0.00522796
0.665552 0.00499908
0.668896 0.00478777
0.672241 0.00457639
0.675585 0.00438139
0.67893 0.00418634
0.682274 0.00400653
0.685619 0.00382668
0.688963 0.00366102
0.692308 0.00349532
0.695652 0.00334282
0.698997 0.00319028
0.702341 0.00305
0.705686 0.00290969
0.70903 0.00278076
0.712375 0.00265179
0.715719 0.00253339
0.719064 0.00241495
0.722408 0.0023063
0.725753 0.00219762
0.729097 0.002098
0.732441 0.00199835
0.735786 0.00190707
0.73913 0.00181578
0.742475 0.00173223
0.745819 0.00164865
0.749164 0.00157222
0.752508 0.00149578
0.755853 0.00142593
0.759197 0.00135606
0.762542 0.00129226
0.765886 0.00122845
0.769231 0.00117024
0.772575 0.00111201
0.77592 0.00105894
0.779264 0.00100584
0.782609 0.000957484
0.785953 0.000909113
0.789298 0.000865087
0.792642 0.000821051
0.795987 0.000781001
0.799331 0.000740943
0.802676 0.00070454
0.80602 0.000668128
0.809365 0.000635063
0.812709 0.000601991
0.816054 0.000571981
0.819398 0.000541965
0.822742 0.000514748
0.826087 0.000487525
0.829431 0.000462858
0.832776 0.000438186
0.83612 0.000415847
0.839465 0.000393502
0.842809 0.000373283
0.846154 0.00035306
0.849498 0.000334772
0.852843 0.00031648
0.856187 0.000299948
0.859532 0.000283413
0.862876 0.000268476
0.866221 0.000253535
0.869565 0.000240045
0.87291 0.000226552
0.876254 0.000214373
0.879599 0.000202191
0.882943 0.000191198
0.886288 0.000180202
0.889632 0.000170279
0.892977 0.000160355
0.896321 0.000151397
0.899666 0.000142438
0.90301 0.000134349
0.906355 0.000126259
0.909699 0.000118949
0.913043 0.000111637
0.916388 0.000105024
0.919732 9.84098e-05
0.923077 9.24179e-05
0.926421 8.64251e-05
0.929766 8.09847e-05
0.93311 7.55435e-05
0.936455 7.059e-05
0.939799 6.56358e-05
0.943144 6.11095e-05
0.946488 5.65824e-05
0.949833 5.24274e-05
0.953177 4.82719e-05
0.956522 4.44363e-05
0.959866 4.06002e-05
0.963211 3.70351e-05
0.966555 3.34696e-05
0.9699 3.01289e-05
0.973244 2.67879e-05
0.976589 2.36278e-05
0.979933 2.04674e-05
0.983278 1.74458e-05
0.986622 1.4424e-05
0.989967 1.15004e-05
0.993311 8.57659e-06
0.996656 5.71129e-06
1 2.84593e-06
1 0

# iter = 10000
0 1
0.00334448 0.992466
0.00668896 0.984923
0.0100334 0.977369
0.0133779 0.969809
0.0167224 0.962238
0.0200669 0.954665
0.0234114 0.947081
0.0267559 0.939498
0.0301003 0.931905
0.0334448 0.924316
0.0367893 0.916717
0.0401338 0.909127
0.0434783 0.901526
0.0468227 0.893937
0.0501672 0.886337
0.0535117 0.878753
0.0568562 0.871159
0.0602007 0.863584
0.0635452 0.855999
0.0668896 0.848436
0.0702341 0.840863
0.0735786 0.833316
0.0769231 0.825759
0.0802676 0.818231
0.083612 0.810694
0.0869565 0.803188
0.090301 0.795674
0.0936455 0.788194
0.09699 0.780706
0.100334 0.773256
0.103679 0.765797
0.107023 0.75838
0.110368 0.750954
0.113712 0.743572
0.117057 0.736183
0.120401 0.72884
0.123746 0.721489
0.12709 0.714189
0.130435 0.70688
0.133779 0.699625
0.137124 0.692362
0.140468 0.685154
0.143813 0.677939
0.147157 0.670783
0.150502 0.663619
0.153846 0.656516
0.157191 0.649406
0.160535 0.642359
0.16388 0.635306
0.167224 0.628318
0.170569 0.621324
0.173913 0.614398
0.177258 0.607466
0.180602 0.600604
0.183946 0.593735
0.187291 0.58694
0.190635 0.580138
0.19398 0.573412
0.197324 0.566678
0.200669 0.560023
0.204013 0.553361
0.207358 0.546778
0.210702 0.540189
0.214047 0.533681
0.217391 0.527168
0.220736 0.520737
0.22408 0.5143
0.227425 0.507948
0.230769 0.501591
0.234114 0.495319
0.237458 0.489042
0.240803 0.482852
0.244147 0.476658
0.247492 0.470552
0.250836 0.464441
0.254181 0.45842
0.257525 0.452394
0.26087 0.44646
0.264214 0.44052
0.267559 0.434673
0.270903 0.428822
0.274247 0.423064
0.277592 0.417301
0.280936 0.411633
0.284281 0.405961
0.287625 0.400383
0.29097 0.394801
0.294314 0.389316
0.297659 0.383826
0.301003 0.378433
0.304348 0.373035
0.307692 0.367735
0.311037 0.362431
0.314381 0.357224
0.317726 0.352014
0.32107 0.346901
0.324415 0.341785
0.327759 0.336767
0.331104 0.331746
0.334448 0.326823
0.337793 0.321896
0.341137 0.317068
0.344482 0.312237
0.347826 0.307504
0.351171 0.302768
0.354515 0.298131
0.35786 0.29349
0.361204 0.288948
0.364548 0.284403
0.367893 0.279956
0.371237 0.275506
0.374582 0.271154
0.377926 0.266799
0.381271 0.262541
0.384615 0.258281
0.38796 0.254118
0.391304 0.249952
0.394649 0.245883
0.397993 0.241811
0.401338 0.237835
0.404682 0.233857
0.408027 0.229974
0.411371 0.226089
0.414716 0.222298
0.41806 0.218506
0.421405 0.214807
0.424749 0.211106
0.428094 0.207498
0.431438 0.203887
0.434783 0.20037
0.438127 0.19685
0.441472 0.193421
0.444816 0.18999
0.448161 0.18665
0.451505 0.183308
0.454849 0.180055
0.458194 0.176801
0.461538 0.173634
0.464883 0.170466
0.468227 0.167385
0.471572 0.164303
0.474916 0.161306
0.478261 0.158308
0.481605 0.155394
0.48495 0.152479
0.488294 0.149648
0.491639 0.146815
0.494983 0.144065
0.498328 0.141313
0.501672 0.138642
0.505017 0.13597
0.508361 0.133377
0.511706 0.130783
0.51505 0.128268
0.518395 0.125751
0.521739 0.123312
0.525084 0.120871
0.528428 0.118506
0.531773 0.11614
0.535117 0.113848
0.538462 0.111555
0.541806 0.109335
0.545151 0.107114
0.548495 0.104964
0.551839 0.102813
0.555184 0.100732
0.558528 0.0986506
0.561873 0.0966376
0.565217 0.0946234
0.568562 0.0926765
0.571906 0.0907286
0.575251 0.0888464
0.578595 0.0869633
0.58194 0.0851445
0.585284 0.0833247
0.588629 0.0815678
0.591973 0.07981
0.595318 0.0781136
0.598662 0.0764162
0.602007 0.0747788
0.605351 0.0731406
0.608696 0.0715608
0.61204 0.0699802
0.615385 0.0684566
0.618729 0.0669322
0.622074 0.0654634
0.625418 0.0639938
0.628763 0.0625783
0.632107 0.061162
0.635452 0.0597985
0.638796 0.0584342
0.64214 0.0571212
0.645485 0.0558075
0.648829 0.0545436
0.652174 0.0532791
0.655518 0.0520629
0.658863 0.0508462
0.662207 0.0496765
0.665552 0.0485062
0.668896 0.0473815
0.672241 0.0462563
0.675585 0.0451754
0.67893 0.0440939
0.682274 0.0430553
0.685619 0.0420163
0.688963 0.0410188
0.692308 0.0400209
0.695652 0.0390632
0.698997 0.0381051
0.702341 0.037186
0.705686 0.0362664
0.70903 0.0353846
0.712375 0.0345023
0.715719 0.0336565
0.719064 0.0328103
0.722408 0.0319994
0.725753 0.031188
0.729097 0.0304107
0.732441 0.029633
0.735786 0.0288882
0.73913 0.028143
0.742475 0.0274295
0.745819 0.0267157
0.749164 0.0260323
0.752508 0.0253487
0.755853 0.0246944
0.759197 0.0240399
0.762542 0.0234136
0.765886 0.0227871
0.769231 0.0221877
0.772575 0.0215881
0.77592 0.0210146
0.779264 0.0204409
0.782609 0.0198923
0.785953 0.0193435
0.789298 0.0188187
0.792642 0.0182937
0.795987 0.0177918
0.799331 0.0172896
0.802676 0.0168096
0.80602 0.0163294
0.809365 0.0158703
0.812709 0.0154111
0.816054 0.0149721
0.819398 0.0145329
0.822742 0.014113
0.826087 0.0136929
0.829431 0.0132913
0.832776 0.0128895
0.83612 0.0125052
0.839465 0.0121208
0.842809 0.0117531
0.846154 0.0113853
0.849498 0.0110333
0.852843 0.0106811
0.856187 0.0103441
0.859532 0.0100068
0.862876 0.00968387
0.866221 0.00936079
0.869565 0.00905117
0.87291 0.00874144
0.876254 0.0084444
0.879599 0.00814726
0.882943 0.00786206
0.886288 0.00757677
0.889632 0.00730269
0.892977 0.00702852
0.896321 0.00676484
0.899666 0.00650108
0.90301 0.0062471
0.906355 0.00599305
0.909699 0.00574808
0.913043 0.00550305
0.916388 0.00526642
0.919732 0.00502974
0.923077 0.00480078
0.926421 0.00457178
0.929766 0.00434985
0.93311 0.00412787
0.936455 0.00391231
0.939799 0.00369671
0.943144 0.0034869
0.946488 0.00327705
0.949833 0.00307236
0.953177 0.00286763
0.956522 0.00266743
0.959866 0.0024672
0.963211 0.00227089
0.966555 0.00207455
0.9699 0.00188151
0.973244 0.00168845
0.976589 0.00149808
0.979933 0.0013077
0.983278 0.00111941
0.986622 0.000931112
0.989967 0.000744302
0.993311 0.000557483
0.996656 0.000371559
1 0.00018563
1 0
