0 1
0.00050025 0.994372
0.0010005 0.988745
0.00150075 0.983117
0.002001 0.977491
0.00250125 0.971864
0.0030015 0.96624
0.00350175 0.960616
0.004002 0.954995
0.00450225 0.949375
0.0050025 0.943759
0.00550275 0.938143
0.006003 0.932532
0.00650325 0.926922
0.0070035 0.921319
0.00750375 0.915715
0.008004 0.91012
0.00850425 0.904524
0.0090045 0.898938
0.00950475 0.893352
0.010005 0.887776
0.0105053 0.882199
0.0110055 0.876635
0.0115058 0.87107
0.012006 0.865517
0.0125063 0.859965
0.0130065 0.854426
0.0135068 0.848887
0.014007 0.843363
0.0145073 0.837838
0.0150075 0.832329
0.0155078 0.826821
0.016008 0.821329
0.0165083 0.815837
0.0170085 0.810362
0.0175088 0.804888
0.018009 0.799433
0.0185093 0.793977
0.0190095 0.788541
0.0195098 0.783106
0.02001 0.777691
0.0205103 0.772276
0.0210105 0.766883
0.0215108 0.76149
0.022011 0.75612
0.0225113 0.75075
0.0230115 0.745403
0.0235118 0.740057
0.024012 0.734736
0.0245123 0.729414
0.0250125 0.724118
0.0255128 0.718822
0.026013 0.713553
0.0265133 0.708284
0.0270135 0.703043
0.0275138 0.697801
0.028014 0.692588
0.0285143 0.687375
0.0290145 0.682191
0.0295148 0.677007
0.030015 0.671854
0.0305153 0.666701
0.0310155 0.661578
0.0315158 0.656456
0.032016 0.651366
0.0325163 0.646275
0.0330165 0.641218
0.0335168 0.63616
0.034017 0.631136
0.0345173 0.626112
0.0350175 0.621122
0.0355178 0.616132
0.036018 0.611178
0.0365183 0.606223
0.0370185 0.601304
0.0375188 0.596385
0.038019 0.591503
0.0385193 0.586621
0.0390195 0.581776
0.0395198 0.576931
0.04002 0.572123
0.0405203 0.567316
0.0410205 0.562548
0.0415208 0.557779
0.042021 0.55305
0.0425213 0.548321
0.0430215 0.543631
0.0435218 0.538942
0.044022 0.534293
0.0445223 0.529644
0.0450225 0.525036
0.0455228 0.520428
0.046023 0.515862
0.0465233 0.511296
0.0470235 0.506771
0.0475238 0.502247
0.048024 0.497766
0.0485243 0.493284
0.0490245 0.488845
0.0495248 0.484407
0.050025 0.480012
0.0505253 0.475617
0.0510255 0.471266
0.0515258 0.466915
0.052026 0.462609
0.0525263 0.458302
0.0530265 0.454041
0.0535268 0.449779
0.054027 0.445563
0.0545273 0.441347
0.0550275 0.437176
0.0555278 0.433005
0.056028 0.42888
0.0565283 0.424755
0.0570285 0.420677
0.0575288 0.416598
0.058029 0.412566
0.0585293 0.408534
0.0590295 0.404549
0.0595298 0.400563
0.06003 0.396625
0.0605303 0.392687
0.0610305 0.388796
0.0615308 0.384905
0.062031 0.381061
0.0625313 0.377217
0.0630315 0.373422
0.0635318 0.369626
0.064032 0.365878
0.0645323 0.362129
0.0650325 0.358429
0.0655328 0.354729
0.066033 0.351077
0.0665333 0.347425
0.0670335 0.343821
0.0675338 0.340217
0.068034 0.336662
0.0685343 0.333106
0.0690345 0.329599
0.0695348 0.326091
0.070035 0.322632
0.0705353 0.319173
0.0710355 0.315762
0.0715358 0.312352
0.072036 0.308989
0.0725363 0.305627
0.0730365 0.302313
0.0735368 0.298999
0.074037 0.295733
0.0745373 0.292467
0.0750375 0.28925
0.0755378 0.286033
0.076038 0.282863
0.0765383 0.279694
0.0770385 0.276573
0.0775388 0.273451
0.078039 0.270378
0.0785393 0.267305
0.0790395 0.264279
0.0795398 0.261254
0.08004 0.258276
0.0805403 0.255298
0.0810405 0.252368
0.0815408 0.249437
0.082041 0.246554
0.0825413 0.243671
0.0830415 0.240835
0.0835418 0.237999
0.084042 0.23521
0.0845423 0.232421
0.0850425 0.229679
0.0855428 0.226937
0.086043 0.224241
0.0865433 0.221545
0.0870435 0.218895
0.0875438 0.216246
0.088044 0.213642
0.0885443 0.211038
0.0890445 0.20848
0.0895448 0.205922
0.090045 0.203409
0.0905453 0.200897
0.0910455 0.198429
0.0915458 0.195961
0.092046 0.193538
0.0925463 0.191115
0.0930465 0.188737
0.0935468 0.186358
0.094047 0.184023
0.0945473 0.181689
0.0950475 0.179398
0.0955478 0.177107
0.096048 0.174859
0.0965483 0.172612
0.0970485 0.170407
0.0975488 0.168202
0.098049 0.16604
0.0985493 0.163878
0.0990495 0.161758
0.0995498 0.159638
0.10005 0.15756
0.10055 0.155481
0.101051 0.153444
0.101551 0.151407
0.102051 0.149411
0.102551 0.147415
0.103052 0.14546
0.103552 0.143504
0.104052 0.141589
0.104552 0.139673
0.105053 0.137797
0.105553 0.135921
0.106053 0.134085
0.106553 0.132248
0.107054 0.13045
0.107554 0.128652
0.108054 0.126892
0.108554 0.125132
0.109055 0.12341
0.109555 0.121688
0.110055 0.120003
0.110555 0.118318
0.111056 0.11667
0.111556 0.115022
0.112056 0.11341
0.112556 0.111799
0.113057 0.110223
0.113557 0.108647
0.114057 0.107107
0.114557 0.105566
0.115058 0.10406
0.115558 0.102555
0.116058 0.101083
0.116558 0.0996122
0.117059 0.0981748
0.117559 0.0967373
0.118059 0.0953333
0.118559 0.0939293
0.11906 0.0925581
0.11956 0.0911869
0.12006 0.0898481
0.12056 0.0885093
0.121061 0.0872024
0.121561 0.0858955
0.122061 0.0846199
0.122561 0.0833443
0.123062 0.0820996
0.123562 0.0808549
0.124062 0.0796406
0.124562 0.0784262
0.125063 0.0772417
0.125563 0.0760572
0.126063 0.0749021
0.126563 0.0737469
0.127064 0.0726206
0.127564 0.0714943
0.128064 0.0703964
0.128564 0.0692984
0.129065 0.0682283
0.129565 0.0671582
0.130065 0.0661154
0.130565 0.0650727
0.131066 0.0640568
0.131566 0.0630409
0.132066 0.0620513
0.132566 0.0610618
0.133067 0.0600981
0.133567 0.0591345
0.134067 0.0581962
0.134567 0.0572579
0.135068 0.0563445
0.135568 0.0554311
0.136068 0.0545421
0.136568 0.0536531
0.137069 0.0527881
0.137569 0.0519231
0.138069 0.0510815
0.138569 0.0502399
0.13907 0.0494213
0.13957 0.0486027
0.14007 0.0478066
0.14057 0.0470105
0.141071 0.0462365
0.141571 0.0454625
0.142071 0.04471
0.142571 0.0439576
0.143072 0.0432263
0.143572 0.042495
0.144072 0.0417844
0.144572 0.0410738
0.145073 0.0403834
0.145573 0.039693
0.146073 0.0390224
0.146573 0.0383519
0.147074 0.0377006
0.147574 0.0370494
0.148074 0.0364171
0.148574 0.0357848
0.149075 0.035171
0.149575 0.0345572
0.150075 0.0339615
0.150575 0.0333658
0.151076 0.0327877
0.151576 0.0322097
0.152076 0.0316489
0.152576 0.0310881
0.153077 0.0305441
0.153577 0.0300001
0.154077 0.0294726
0.154577 0.0289451
0.155078 0.0284336
0.155578 0.0279221
0.156078 0.0274263
0.156578 0.0269305
0.157079 0.02645
0.157579 0.0259694
0.158079 0.0255038
0.158579 0.0250382
0.15908 0.024587
0.15958 0.0241359
0.16008 0.023699
0.16058 0.023262
0.161081 0.0228389
0.161581 0.0224157
0.162081 0.022006
0.162581 0.0215963
0.163082 0.0211997
0.163582 0.0208031
0.164082 0.0204193
0.164582 0.0200354
0.165083 0.019664
0.165583 0.0192926
0.166083 0.0189332
0.166583 0.0185739
0.167084 0.0182264
0.167584 0.0178788
0.168084 0.0175427
0.168584 0.0172066
0.169085 0.0168816
0.169585 0.0165566
0.170085 0.0162424
0.170585 0.0159283
0.171086 0.0156247
0.171586 0.0153211
0.172086 0.0150277
0.172586 0.0147343
0.173087 0.0144509
0.173587 0.0141674
0.174087 0.0138937
0.174587 0.0136199
0.175088 0.0133555
0.175588 0.0130911
0.176088 0.0128359
0.176588 0.0125806
0.177089 0.0123342
0.177589 0.0120878
0.178089 0.01185
0.178589 0.0116122
0.17909 0.0113827
0.17959 0.0111532
0.18009 0.0109318
0.18059 0.0107105
0.181091 0.0104969
0.181591 0.0102834
0.182091 0.0100775
0.182591 0.00987155
0.183092 0.00967301
0.183592 0.00947446
0.184092 0.00928308
0.184592 0.00909169
0.185093 0.00890723
0.185593 0.00872278
0.186093 0.00854504
0.186593 0.0083673
0.187094 0.00819607
0.187594 0.00802484
0.188094 0.00785991
0.188594 0.00769498
0.189095 0.00753616
0.189595 0.00737733
0.190095 0.00722441
0.190595 0.00707149
0.191096 0.00692429
0.191596 0.00677708
0.192096 0.00663541
0.192596 0.00649374
0.193097 0.00635741
0.193597 0.00622109
0.194097 0.00608994
0.194597 0.0059588
0.195098 0.00583265
0.195598 0.00570651
0.196098 0.0055852
0.196598 0.0054639
0.197099 0.00534726
0.197599 0.00523063
0.198099 0.00511852
0.198599 0.0050064
0.1991 0.00489865
0.1996 0.0047909
0.2001 0.00468736
0.2006 0.00458383
0.201101 0.00448436
0.201601 0.00438489
0.202101 0.00428935
0.202601 0.00419382
0.203102 0.00410207
0.203602 0.00401032
0.204102 0.00392224
0.204602 0.00383415
0.205103 0.00374959
0.205603 0.00366504
0.206103 0.00358388
0.206603 0.00350273
0.207104 0.00342486
0.207604 0.00334699
0.208104 0.00327229
0.208604 0.00319759
0.209105 0.00312594
0.209605 0.00305428
0.210105 0.00298557
0.210605 0.00291686
0.211106 0.00285098
0.211606 0.0027851
0.212106 0.00272195
0.212606 0.0026588
0.213107 0.00259828
0.213607 0.00253775
0.214107 0.00247976
0.214607 0.00242177
0.215108 0.00236621
0.215608 0.00231065
0.216108 0.00225744
0.216608 0.00220423
0.217109 0.00215327
0.217609 0.00210231
0.218109 0.00205352
0.218609 0.00200473
0.21911 0.00195803
0.21961 0.00191132
0.22011 0.00186663
0.22061 0.00182193
0.221111 0.00177916
0.221611 0.00173639
0.222111 0.00169548
0.222611 0.00165456
0.223112 0.00161543
0.223612 0.00157629
0.224112 0.00153887
0.224612 0.00150144
0.225113 0.00146566
0.225613 0.00142988
0.226113 0.00139568
0.226613 0.00136148
0.227114 0.00132879
0.227614 0.0012961
0.228114 0.00126487
0.228614 0.00123364
0.229115 0.0012038
0.229615 0.00117396
0.230115 0.00114546
0.230615 0.00111696
0.231116 0.00108975
0.231616 0.00106253
0.232116 0.00103655
0.232616 0.00101056
0.233117 0.00098576
0.233617 0.000960956
0.234117 0.000937285
0.234617 0.000913613
0.235118 0.000891027
0.235618 0.00086844
0.236118 0.000846892
0.236618 0.000825345
0.237119 0.000804793
0.237619 0.000784241
0.238119 0.000764642
0.238619 0.000745043
0.23912 0.000726358
0.23962 0.000707672
0.24012 0.000689861
0.24062 0.000672049
0.241121 0.000655074
0.241621 0.000638099
0.242121 0.000621925
0.242621 0.00060575
0.243122 0.000590341
0.243622 0.000574933
0.244122 0.000560256
0.244622 0.00054558
0.245123 0.000531604
0.245623 0.000517629
0.246123 0.000504323
0.246623 0.000491017
0.247124 0.000478351
0.247624 0.000465685
0.248124 0.000453631
0.248624 0.000441576
0.249125 0.000430107
0.249625 0.000418637
0.250125 0.000407726
0.250625 0.000396815
0.251126 0.000386437
0.251626 0.000376059
0.252126 0.00036619
0.252626 0.000356321
0.253127 0.000346938
0.253627 0.000337555
0.254127 0.000328636
0.254627 0.000319717
0.255128 0.000311241
0.255628 0.000302765
0.256128 0.000294711
0.256628 0.000286657
0.257129 0.000279006
0.257629 0.000271355
0.258129 0.000264088
0.258629 0.000256821
0.25913 0.00024992
0.25963 0.000243019
0.26013 0.000236467
0.26063 0.000229916
0.261131 0.000223696
0.261631 0.000217477
0.262131 0.000211575
0.262631 0.000205673
0.263132 0.000200073
0.263632 0.000194473
0.264132 0.00018916
0.264632 0.000183847
0.265133 0.000178808
0.265633 0.000173769
0.266133 0.000168991
0.266633 0.000164213
0.267134 0.000159682
0.267634 0.000155152
0.268134 0.000150858
0.268634 0.000146564
0.269135 0.000142494
0.269635 0.000138424
0.270135 0.000134568
0.270635 0.000130712
0.271136 0.000127059
0.271636 0.000123406
0.272136 0.000119946
0.272636 0.000116486
0.273137 0.00011321
0.273637 0.000109934
0.274137 0.000106832
0.274637 0.00010373
0.275138 0.000100794
0.275638 9.78574e-05
0.276138 9.50787e-05
0.276638 9.22999e-05
0.277139 8.96707e-05
0.277639 8.70415e-05
0.278139 8.45542e-05
0.278639 8.20669e-05
0.27914 7.97145e-05
0.27964 7.7362e-05
0.28014 7.51374e-05
0.28064 7.29129e-05
0.281141 7.08097e-05
0.281641 6.87065e-05
0.282141 6.67185e-05
0.282641 6.47304e-05
0.283142 6.28517e-05
0.283642 6.09729e-05
0.284142 5.91977e-05
0.284642 5.74224e-05
0.285143 5.57454e-05
0.285643 5.40684e-05
0.286143 5.24845e-05
0.286643 5.09006e-05
0.287144 4.94049e-05
0.287644 4.79092e-05
0.288144 4.64971e-05
0.288644 4.5085e-05
0.289145 4.37521e-05
0.289645 4.24192e-05
0.290145 4.11613e-05
0.290645 3.99034e-05
0.291146 3.87165e-05
0.291646 3.75296e-05
0.292146 3.641e-05
0.292646 3.52903e-05
0.293147 3.42343e-05
0.293647 3.31782e-05
0.294147 3.21824e-05
0.294647 3.11866e-05
0.295148 3.02478e-05
0.295648 2.93089e-05
0.296148 2.8424e-05
0.296648 2.7539e-05
0.297149 2.67051e-05
0.297649 2.58711e-05
0.298149 2.50853e-05
0.298649 2.42995e-05
0.29915 2.35592e-05
0.29965 2.28189e-05
0.30015 2.21217e-05
0.30065 2.14245e-05
0.301151 2.0768e-05
0.301651 2.01115e-05
0.302151 1.94934e-05
0.302651 1.88753e-05
0.303152 1.82935e-05
0.303652 1.77117e-05
0.304152 1.71641e-05
0.304652 1.66166e-05
0.305153 1.61014e-05
0.305653 1.55862e-05
0.306153 1.51016e-05
0.306653 1.4617e-05
0.307154 1.41612e-05
0.307654 1.37054e-05
0.308154 1.32767e-05
0.308654 1.28481e-05
0.309155 1.24452e-05
0.309655 1.20422e-05
0.310155 1.16634e-05
0.310655 1.12846e-05
0.311156 1.09287e-05
0.311656 1.05727e-05
0.312156 1.02383e-05
0.312656 9.90382e-06
0.313157 9.58963e-06
0.313657 9.27544e-06
0.314157 8.98036e-06
0.314657 8.68527e-06
0.315158 8.40818e-06
0.315658 8.13108e-06
0.316158 7.87094e-06
0.316658 7.61079e-06
0.317159 7.36661e-06
0.317659 7.12243e-06
0.318159 6.89327e-06
0.318659 6.66411e-06
0.31916 6.4491e-06
0.31966 6.23409e-06
0.32016 6.0324e-06
0.32066 5.8307e-06
0.321161 5.64153e-06
0.321661 5.45236e-06
0.322161 5.27497e-06
0.322661 5.09758e-06
0.323162 4.93128e-06
0.323662 4.76497e-06
0.324162 4.60909e-06
0.324662 4.45321e-06
0.325163 4.30713e-06
0.325663 4.16104e-06
0.326163 4.02417e-06
0.326663 3.8873e-06
0.327164 3.75908e-06
0.327664 3.63086e-06
0.328164 3.51077e-06
0.328664 3.39068e-06
0.329165 3.27823e-06
0.329665 3.16578e-06
0.330165 3.06051e-06
0.330665 2.95523e-06
0.331166 2.85669e-06
0.331666 2.75815e-06
0.332166 2.66593e-06
0.332666 2.57372e-06
0.333167 2.48743e-06
0.333667 2.40115e-06
0.334167 2.32044e-06
0.334667 2.23972e-06
0.335168 2.16424e-06
0.335668 2.08875e-06
0.336168 2.01816e-06
0.336668 1.94757e-06
0.337169 1.88158e-06
0.337669 1.81559e-06
0.338169 1.7539e-06
0.338669 1.69222e-06
0.33917 1.63457e-06
0.33967 1.57693e-06
0.34017 1.52307e-06
0.34067 1.46921e-06
0.341171 1.4189e-06
0.341671 1.36858e-06
0.342171 1.32159e-06
0.342671 1.2746e-06
0.343172 1.23073e-06
0.343672 1.18685e-06
0.344172 1.14588e-06
0.344672 1.10492e-06
0.345173 1.06669e-06
0.345673 1.02845e-06
0.346173 9.92768e-07
0.346673 9.57086e-07
0.347174 9.23794e-07
0.347674 8.90502e-07
0.348174 8.59446e-07
0.348674 8.28389e-07
0.349175 7.99425e-07
0.349675 7.7046e-07
0.350175 7.43452e-07
0.350675 7.16443e-07
0.351176 6.91264e-07
0.351676 6.66085e-07
0.352176 6.42615e-07
0.352676 6.19146e-07
0.353177 5.97275e-07
0.353677 5.75403e-07
0.354177 5.55025e-07
0.354677 5.34648e-07
0.355178 5.15665e-07
0.355678 4.96682e-07
0.356178 4.79003e-07
0.356678 4.61324e-07
0.357179 4.44861e-07
0.357679 4.28399e-07
0.358179 4.13073e-07
0.358679 3.97747e-07
0.35918 3.83482e-07
0.35968 3.69217e-07
0.36018 3.55942e-07
0.36068 3.42666e-07
0.361181 3.30315e-07
0.361681 3.17964e-07
0.362181 3.06474e-07
0.362681 2.94985e-07
0.363182 2.84299e-07
0.363682 2.73613e-07
0.364182 2.63677e-07
0.364682 2.53741e-07
0.365183 2.44503e-07
0.365683 2.35266e-07
0.366183 2.2668e-07
0.366683 2.18094e-07
0.367184 2.10115e-07
0.367684 2.02136e-07
0.368184 1.94723e-07
0.368684 1.87309e-07
0.369185 1.80423e-07
0.369685 1.73537e-07
0.370185 1.67141e-07
0.370685 1.60745e-07
0.371186 1.54807e-07
0.371686 1.48868e-07
0.372186 1.43355e-07
0.372686 1.37842e-07
0.373187 1.32724e-07
0.373687 1.27607e-07
0.374187 1.22858e-07
0.374687 1.18109e-07
0.375188 1.13703e-07
0.375688 1.09297e-07
0.376188 1.0521e-07
0.376688 1.01123e-07
0.377189 9.73327e-08
0.377689 9.35422e-08
0.378189 9.00275e-08
0.378689 8.65127e-08
0.37919 8.32543e-08
0.37969 7.99959e-08
0.38019 7.69757e-08
0.38069 7.39555e-08
0.381191 7.11568e-08
0.381691 6.8358e-08
0.382191 6.5765e-08
0.382691 6.31719e-08
0.383192 6.07699e-08
0.383692 5.83678e-08
0.384192 5.61432e-08
0.384692 5.39186e-08
0.385193 5.18588e-08
0.385693 4.97989e-08
0.386193 4.78919e-08
0.386693 4.5985e-08
0.387194 4.42199e-08
0.387694 4.24549e-08
0.388194 4.08215e-08
0.388694 3.91881e-08
0.389195 3.76769e-08
0.389695 3.61657e-08
0.390195 3.47678e-08
0.390695 3.33699e-08
0.391196 3.20771e-08
0.391696 3.07842e-08
0.392196 2.95888e-08
0.392696 2.83934e-08
0.393197 2.72883e-08
0.393697 2.61831e-08
0.394197 2.51617e-08
0.394697 2.41402e-08
0.395198 2.31963e-08
0.395698 2.22524e-08
0.396198 2.13803e-08
0.396698 2.05081e-08
0.397199 1.97026e-08
0.397699 1.8897e-08
0.398199 1.8153e-08
0.398699 1.7409e-08
0.3992 1.6722e-08
0.3997 1.6035e-08
0.4002 1.54008e-08
0.4007 1.47666e-08
0.401201 1.41812e-08
0.401701 1.35959e-08
0.402201 1.30557e-08
0.402701 1.25155e-08
0.403202 1.20172e-08
0.403702 1.15188e-08
0.404202 1.10591e-08
0.404702 1.05994e-08
0.405203 1.01754e-08
0.405703 9.75142e-09
0.406203 9.36049e-09
0.406703 8.96956e-09
0.407204 8.60917e-09
0.407704 8.24878e-09
0.408204 7.91661e-09
0.408704 7.58444e-09
0.409205 7.27834e-09
0.409705 6.97224e-09
0.410205 6.69022e-09
0.410705 6.40821e-09
0.411206 6.14843e-09
0.411706 5.88865e-09
0.412206 5.64941e-09
0.412706 5.41016e-09
0.413207 5.18987e-09
0.413707 4.96958e-09
0.414207 4.76679e-09
0.414707 4.56399e-09
0.415208 4.37734e-09
0.415708 4.19068e-09
0.416208 4.01892e-09
0.416708 3.84716e-09
0.417209 3.68913e-09
0.417709 3.5311e-09
0.418209 3.38574e-09
0.418709 3.24038e-09
0.41921 3.10669e-09
0.41971 2.97301e-09
0.42021 2.85009e-09
0.42071 2.72717e-09
0.421211 2.61417e-09
0.421711 2.50117e-09
0.422211 2.39731e-09
0.422711 2.29345e-09
0.423212 2.19801e-09
0.423712 2.10257e-09
0.424212 2.01488e-09
0.424712 1.9272e-09
0.425213 1.84665e-09
0.425713 1.76611e-09
0.426213 1.69214e-09
0.426713 1.61817e-09
0.427214 1.55025e-09
0.427714 1.48233e-09
0.428214 1.41998e-09
0.428714 1.35763e-09
0.429215 1.3004e-09
0.429715 1.24317e-09
0.430215 1.19066e-09
0.430715 1.13815e-09
0.431216 1.08997e-09
0.431716 1.04179e-09
0.432216 9.97594e-10
0.432716 9.53401e-10
0.433217 9.12872e-10
0.433717 8.72342e-10
0.434217 8.3518e-10
0.434717 7.98019e-10
0.435218 7.63952e-10
0.435718 7.29885e-10
0.436218 6.98661e-10
0.436718 6.67437e-10
0.437219 6.38825e-10
0.437719 6.10213e-10
0.438219 5.84e-10
0.438719 5.57786e-10
0.43922 5.33775e-10
0.43972 5.09764e-10
0.44022 4.87774e-10
0.44072 4.65784e-10
0.441221 4.4565e-10
0.441721 4.25516e-10
0.442221 4.07084e-10
0.442721 3.88653e-10
0.443222 3.71783e-10
0.443722 3.54913e-10
0.444222 3.39476e-10
0.444722 3.24039e-10
0.445223 3.09916e-10
0.445723 2.95793e-10
0.446223 2.82875e-10
0.446723 2.69957e-10
0.447224 2.58142e-10
0.447724 2.46328e-10
0.448224 2.35526e-10
0.448724 2.24724e-10
0.449225 2.14849e-10
0.449725 2.04974e-10
0.450225 1.95949e-10
0.450725 1.86924e-10
0.451226 1.78676e-10
0.451726 1.70429e-10
0.452226 1.62894e-10
0.452726 1.5536e-10
0.453227 1.48477e-10
0.453727 1.41595e-10
0.454227 1.3531e-10
0.454727 1.29024e-10
0.455228 1.23286e-10
0.455728 1.17547e-10
0.456228 1.12308e-10
0.456728 1.07069e-10
0.457229 1.02288e-10
0.457729 9.75063e-11
0.458229 9.31433e-11
0.458729 8.87802e-11
0.45923 8.47997e-11
0.45973 8.08191e-11
0.46023 7.71883e-11
0.46073 7.35575e-11
0.461231 7.02464e-11
0.461731 6.69352e-11
0.462231 6.39162e-11
0.462731 6.08972e-11
0.463232 5.8145e-11
0.463732 5.53929e-11
0.464232 5.28846e-11
0.464732 5.03763e-11
0.465233 4.80906e-11
0.465733 4.5805e-11
0.466233 4.37226e-11
0.466733 4.16403e-11
0.467234 3.97436e-11
0.467734 3.78469e-11
0.468234 3.61196e-11
0.468734 3.43923e-11
0.469235 3.28196e-11
0.469735 3.12468e-11
0.470235 2.98152e-11
0.470735 2.83835e-11
0.471236 2.70805e-11
0.471736 2.57775e-11
0.472236 2.45918e-11
0.472736 2.34062e-11
0.473237 2.23275e-11
0.473737 2.12488e-11
0.474237 2.02677e-11
0.474737 1.92865e-11
0.475238 1.83942e-11
0.475738 1.7502e-11
0.476238 1.66907e-11
0.476738 1.58794e-11
0.477239 1.5142e-11
0.477739 1.44045e-11
0.478239 1.37342e-11
0.478739 1.3064e-11
0.47924 1.24549e-11
0.47974 1.18459e-11
0.48024 1.12926e-11
0.48074 1.07392e-11
0.481241 1.02367e-11
0.481741 9.73408e-12
0.482241 9.27767e-12
0.482741 8.82126e-12
0.483242 8.40687e-12
0.483742 7.99248e-12
0.484242 7.6163e-12
0.484742 7.24013e-12
0.485243 6.89872e-12
0.485743 6.55731e-12
0.486243 6.24752e-12
0.486743 5.93773e-12
0.487244 5.65668e-12
0.487744 5.37562e-12
0.488244 5.1207e-12
0.488744 4.86578e-12
0.489245 4.6346e-12
0.489745 4.40342e-12
0.490245 4.19382e-12
0.490745 3.98421e-12
0.491246 3.79421e-12
0.491746 3.60421e-12
0.492246 3.432e-12
0.492746 3.2598e-12
0.493247 3.10376e-12
0.493747 2.94773e-12
0.494247 2.80636e-12
0.494747 2.665e-12
0.495248 2.53696e-12
0.495748 2.40892e-12
0.496248 2.29297e-12
0.496748 2.17702e-12
0.497249 2.07204e-12
0.497749 1.96705e-12
0.498249 1.87202e-12
0.498749 1.77699e-12
0.49925 1.69098e-12
0.49975 1.60497e-12
0.50025 1.52715e-12
0.50075 1.44932e-12
0.501251 1.37892e-12
0.501751 1.30851e-12
0.502251 1.24483e-12
0.502751 1.18115e-12
0.503252 1.12356e-12
0.503752 1.06597e-12
0.504252 1.0139e-12
0.504752 9.61835e-13
0.505253 9.14769e-13
0.505753 8.67702e-13
0.506253 8.25165e-13
0.506753 7.82627e-13
0.507254 7.44191e-13
0.507754 7.05755e-13
0.508254 6.71031e-13
0.508754 6.36307e-13
0.509255 6.04944e-13
0.509755 5.73581e-13
0.510255 5.45258e-13
0.510755 5.16936e-13
0.511256 4.91364e-13
0.511756 4.65793e-13
0.512256 4.4271e-13
0.512756 4.19627e-13
0.513257 3.98795e-13
0.513757 3.77963e-13
0.514257 3.59166e-13
0.514757 3.40368e-13
0.515258 3.2341e-13
0.515758 3.06452e-13
0.516258 2.91157e-13
0.516758 2.75862e-13
0.517259 2.62069e-13
0.517759 2.48276e-13
0.518259 2.3584e-13
0.518759 2.23404e-13
0.51926 2.12194e-13
0.51976 2.00985e-13
0.52026 1.90882e-13
0.52076 1.80779e-13
0.521261 1.71676e-13
0.521761 1.62573e-13
0.522261 1.54373e-13
0.522761 1.46172e-13
0.523262 1.38786e-13
0.523762 1.31399e-13
0.524262 1.24748e-13
0.524762 1.18096e-13
0.525263 1.12108e-13
0.525763 1.06119e-13
0.526263 1.00728e-13
0.526763 9.53379e-14
0.527264 9.04865e-14
0.527764 8.56351e-14
0.528264 8.12699e-14
0.528764 7.69046e-14
0.529265 7.29776e-14
0.529765 6.90506e-14
0.530265 6.55185e-14
0.530765 6.19864e-14
0.531266 5.88102e-14
0.531766 5.56339e-14
0.532266 5.27783e-14
0.532766 4.99226e-14
0.533267 4.73557e-14
0.533767 4.47888e-14
0.534267 4.24819e-14
0.534767 4.0175e-14
0.535268 3.81022e-14
0.535768 3.60294e-14
0.536268 3.41672e-14
0.536768 3.23051e-14
0.537269 3.06326e-14
0.537769 2.89601e-14
0.538269 2.74583e-14
0.538769 2.59564e-14
0.53927 2.4608e-14
0.53977 2.32596e-14
0.54027 2.20492e-14
0.54077 2.08388e-14
0.541271 1.97526e-14
0.541771 1.86664e-14
0.542271 1.76917e-14
0.542771 1.67171e-14
0.543272 1.58427e-14
0.543772 1.49684e-14
0.544272 1.41842e-14
0.544772 1.34e-14
0.545273 1.26967e-14
0.545773 1.19935e-14
0.546273 1.1363e-14
0.546773 1.07326e-14
0.547274 1.01674e-14
0.547774 9.60229e-15
0.548274 9.09582e-15
0.548774 8.58935e-15
0.549275 8.13555e-15
0.549775 7.68175e-15
0.550275 7.27523e-15
0.550775 6.8687e-15
0.551276 6.50459e-15
0.551776 6.14048e-15
0.552276 5.81444e-15
0.552776 5.48839e-15
0.553277 5.19648e-15
0.553777 4.90458e-15
0.554277 4.64329e-15
0.554777 4.382e-15
0.555278 4.14816e-15
0.555778 3.91433e-15
0.556278 3.7051e-15
0.556778 3.49588e-15
0.557279 3.30871e-15
0.557779 3.12154e-15
0.558279 2.95414e-15
0.558779 2.78674e-15
0.55928 2.63705e-15
0.55978 2.48736e-15
0.56028 2.35353e-15
0.56078 2.2197e-15
0.561281 2.10007e-15
0.561781 1.98045e-15
0.562281 1.87354e-15
0.562781 1.76664e-15
0.563282 1.67112e-15
0.563782 1.5756e-15
0.564282 1.49027e-15
0.564782 1.40494e-15
0.565283 1.32873e-15
0.565783 1.25252e-15
0.566283 1.18446e-15
0.566783 1.11641e-15
0.567284 1.05565e-15
0.567784 9.94898e-16
0.568284 9.40667e-16
0.568784 8.86435e-16
0.569285 8.38038e-16
0.569785 7.89641e-16
0.570285 7.46459e-16
0.570785 7.03277e-16
0.571286 6.64756e-16
0.571786 6.26235e-16
0.572286 5.91878e-16
0.572786 5.57522e-16
0.573287 5.26886e-16
0.573787 4.96251e-16
0.574287 4.68938e-16
0.574787 4.41625e-16
0.575288 4.1728e-16
0.575788 3.92935e-16
0.576288 3.7124e-16
0.576788 3.49544e-16
0.577289 3.30214e-16
0.577789 3.10883e-16
0.578289 2.93663e-16
0.578789 2.76444e-16
0.57929 2.61107e-16
0.57979 2.45771e-16
0.58029 2.32114e-16
0.58079 2.18458e-16
0.581291 2.063e-16
0.581791 1.94142e-16
0.582291 1.8332e-16
0.582791 1.72498e-16
0.583292 1.62867e-16
0.583792 1.53237e-16
0.584292 1.44668e-16
0.584792 1.361e-16
0.585293 1.28477e-16
0.585793 1.20855e-16
0.586293 1.14076e-16
0.586793 1.07297e-16
0.587294 1.01268e-16
0.587794 9.52404e-17
0.588294 8.98813e-17
0.588794 8.45221e-17
0.589295 7.97587e-17
0.589795 7.49953e-17
0.590295 7.07622e-17
0.590795 6.65291e-17
0.591296 6.2768e-17
0.591796 5.90069e-17
0.592296 5.56659e-17
0.592796 5.23249e-17
0.593297 4.93576e-17
0.593797 4.63903e-17
0.594297 4.37555e-17
0.594797 4.11207e-17
0.595298 3.87816e-17
0.595798 3.64425e-17
0.596298 3.43663e-17
0.596798 3.22901e-17
0.597299 3.04477e-17
0.597799 2.86052e-17
0.598299 2.69705e-17
0.598799 2.53358e-17
0.5993 2.38857e-17
0.5998 2.24356e-17
0.6003 2.11495e-17
0.6008 1.98634e-17
0.601301 1.87231e-17
0.601801 1.75827e-17
0.602301 1.65717e-17
0.602801 1.55607e-17
0.603302 1.46647e-17
0.603802 1.37686e-17
0.604302 1.29745e-17
0.604802 1.21804e-17
0.605303 1.14769e-17
0.605803 1.07733e-17
0.606303 1.01501e-17
0.606803 9.52685e-18
0.607304 8.9749e-18
0.607804 8.42294e-18
0.608304 7.93421e-18
0.608804 7.44548e-18
0.609305 7.01281e-18
0.609805 6.58014e-18
0.610305 6.19718e-18
0.610805 5.81422e-18
0.611306 5.47532e-18
0.611806 5.13643e-18
0.612306 4.83659e-18
0.612806 4.53676e-18
0.613307 4.27153e-18
0.613807 4.0063e-18
0.614307 3.77173e-18
0.614807 3.53716e-18
0.615308 3.32976e-18
0.615808 3.12235e-18
0.616308 2.93899e-18
0.616808 2.75563e-18
0.617309 2.59356e-18
0.617809 2.4315e-18
0.618309 2.28828e-18
0.618809 2.14507e-18
0.61931 2.01854e-18
0.61981 1.89201e-18
0.62031 1.78024e-18
0.62081 1.66847e-18
0.621311 1.56976e-18
0.621811 1.47105e-18
0.622311 1.38389e-18
0.622811 1.29673e-18
0.623312 1.21979e-18
0.623812 1.14284e-18
0.624312 1.07493e-18
0.624812 1.00702e-18
0.625313 9.47087e-19
0.625813 8.87157e-19
0.626313 8.34284e-19
0.626813 7.8141e-19
0.627314 7.3477e-19
0.627814 6.8813e-19
0.628314 6.46998e-19
0.628814 6.05866e-19
0.629315 5.69598e-19
0.629815 5.3333e-19
0.630315 5.01358e-19
0.630815 4.69385e-19
0.631316 4.41205e-19
0.631816 4.13025e-19
0.632316 3.88193e-19
0.632816 3.63361e-19
0.633317 3.41483e-19
0.633817 3.19604e-19
0.634317 3.00333e-19
0.634817 2.81061e-19
0.635318 2.6409e-19
0.635818 2.47118e-19
0.636318 2.32174e-19
0.636818 2.1723e-19
0.637319 2.04075e-19
0.637819 1.90919e-19
0.638319 1.79341e-19
0.638819 1.67762e-19
0.63932 1.57573e-19
0.63982 1.47384e-19
0.64032 1.3842e-19
0.64082 1.29456e-19
0.641321 1.21571e-19
0.641821 1.13686e-19
0.642321 1.06752e-19
0.642821 9.98175e-20
0.643322 9.37204e-20
0.643822 8.76233e-20
0.644322 8.22634e-20
0.644822 7.69034e-20
0.645323 7.21926e-20
0.645823 6.74817e-20
0.646323 6.33421e-20
0.646823 5.92025e-20
0.647324 5.55656e-20
0.647824 5.19287e-20
0.648324 4.87341e-20
0.648824 4.55396e-20
0.649325 4.27341e-20
0.649825 3.99286e-20
0.650325 3.74653e-20
0.650825 3.5002e-20
0.651326 3.28396e-20
0.651826 3.06772e-20
0.652326 2.87793e-20
0.652826 2.68814e-20
0.653327 2.5216e-20
0.653827 2.35506e-20
0.654327 2.20895e-20
0.654827 2.06284e-20
0.655328 1.93468e-20
0.655828 1.80652e-20
0.656328 1.69413e-20
0.656828 1.58174e-20
0.657329 1.48319e-20
0.657829 1.38465e-20
0.658329 1.29826e-20
0.658829 1.21188e-20
0.65933 1.13616e-20
0.65983 1.06045e-20
0.66033 9.94106e-21
0.66083 9.27762e-21
0.661331 8.69638e-21
0.661831 8.11514e-21
0.662331 7.60603e-21
0.662831 7.09691e-21
0.663332 6.65106e-21
0.663832 6.20521e-21
0.664332 5.81484e-21
0.664832 5.42447e-21
0.665333 5.08275e-21
0.665833 4.74102e-21
0.666333 4.44194e-21
0.666833 4.14286e-21
0.667334 3.88115e-21
0.667834 3.61944e-21
0.668334 3.39049e-21
0.668834 3.16153e-21
0.669335 2.96126e-21
0.669835 2.761e-21
0.670335 2.58587e-21
0.670835 2.41073e-21
0.671336 2.25761e-21
0.671836 2.10448e-21
0.672336 1.97063e-21
0.672836 1.83677e-21
0.673337 1.71979e-21
0.673837 1.6028e-21
0.674337 1.50058e-21
0.674837 1.39835e-21
0.675338 1.30905e-21
0.675838 1.21974e-21
0.676338 1.14174e-21
0.676838 1.06373e-21
0.677339 9.95613e-22
0.677839 9.27493e-22
0.678339 8.68018e-22
0.678839 8.08542e-22
0.67934 7.56624e-22
0.67984 7.04706e-22
0.68034 6.59395e-22
0.68084 6.14083e-22
0.681341 5.74546e-22
0.681841 5.35008e-22
0.682341 5.00515e-22
0.682841 4.66022e-22
0.683342 4.35937e-22
0.683842 4.05851e-22
0.684342 3.79615e-22
0.684842 3.53379e-22
0.685343 3.30504e-22
0.685843 3.07629e-22
0.686343 2.87689e-22
0.686843 2.67749e-22
0.687344 2.50371e-22
0.687844 2.32993e-22
0.688344 2.1785e-22
0.688844 2.02708e-22
0.689345 1.89516e-22
0.689845 1.76324e-22
0.690345 1.64834e-22
0.690845 1.53344e-22
0.691346 1.43338e-22
0.691846 1.33333e-22
0.692346 1.24621e-22
0.692846 1.15909e-22
0.693347 1.08326e-22
0.693847 1.00743e-22
0.694347 9.41433e-23
0.694847 8.75435e-23
0.695348 8.1801e-23
0.695848 7.60584e-23
0.696348 7.10627e-23
0.696848 6.60669e-23
0.697349 6.17217e-23
0.697849 5.73765e-23
0.698349 5.35979e-23
0.698849 4.98193e-23
0.69935 4.65341e-23
0.69985 4.32489e-23
0.70035 4.03932e-23
0.70085 3.75376e-23
0.701351 3.50558e-23
0.701851 3.2574e-23
0.702351 3.04175e-23
0.702851 2.82611e-23
0.703352 2.63877e-23
0.703852 2.45143e-23
0.704352 2.28872e-23
0.704852 2.12601e-23
0.705353 1.98471e-23
0.705853 1.84342e-23
0.706353 1.72074e-23
0.706853 1.59807e-23
0.707354 1.49159e-23
0.707854 1.3851e-23
0.708354 1.29269e-23
0.708854 1.20027e-23
0.709355 1.12009e-23
0.709855 1.0399e-23
0.710355 9.70342e-24
0.710855 9.00781e-24
0.711356 8.40448e-24
0.711856 7.80116e-24
0.712356 7.27798e-24
0.712856 6.75479e-24
0.713357 6.30121e-24
0.713857 5.84762e-24
0.714357 5.45444e-24
0.714857 5.06127e-24
0.715358 4.72053e-24
0.715858 4.37979e-24
0.716358 4.08455e-24
0.716858 3.78931e-24
0.717359 3.53355e-24
0.717859 3.27779e-24
0.718359 3.05627e-24
0.718859 2.83475e-24
0.71936 2.64293e-24
0.71986 2.45111e-24
0.72036 2.28504e-24
0.72086 2.11897e-24
0.721361 1.97521e-24
0.721861 1.83146e-24
0.722361 1.70706e-24
0.722861 1.58266e-24
0.723362 1.47502e-24
0.723862 1.36738e-24
0.724362 1.27426e-24
0.724862 1.18115e-24
0.725363 1.10061e-24
0.725863 1.02007e-24
0.726363 9.50434e-25
0.726863 8.80793e-25
0.727364 8.20585e-25
0.727864 7.60377e-25
0.728364 7.08336e-25
0.728864 6.56294e-25
0.729365 6.11319e-25
0.729865 5.66344e-25
0.730365 5.27485e-25
0.730865 4.88626e-25
0.731366 4.55057e-25
0.731866 4.21488e-25
0.732366 3.92496e-25
0.732866 3.63503e-25
0.733367 3.38468e-25
0.733867 3.13433e-25
0.734367 2.91819e-25
0.734867 2.70205e-25
0.735368 2.51549e-25
0.735868 2.32893e-25
0.736368 2.16793e-25
0.736868 2.00694e-25
0.737369 1.86802e-25
0.737869 1.72911e-25
0.738369 1.60928e-25
0.738869 1.48945e-25
0.73937 1.3861e-25
0.73987 1.28275e-25
0.74037 1.19364e-25
0.74087 1.10452e-25
0.741371 1.02769e-25
0.741871 9.50861e-26
0.742371 8.84638e-26
0.742871 8.18416e-26
0.743372 7.61347e-26
0.743872 7.04278e-26
0.744372 6.55108e-26
0.744872 6.05938e-26
0.745373 5.63581e-26
0.745873 5.21225e-26
0.746373 4.84746e-26
0.746873 4.48266e-26
0.747374 4.16854e-26
0.747874 3.85443e-26
0.748374 3.584e-26
0.748874 3.31358e-26
0.749375 3.08081e-26
0.749875 2.84805e-26
0.750375 2.64775e-26
0.750875 2.44744e-26
0.751376 2.2751e-26
0.751876 2.10276e-26
0.752376 1.95451e-26
0.752876 1.80626e-26
0.753377 1.67876e-26
0.753877 1.55126e-26
0.754377 1.44163e-26
0.754877 1.33199e-26
0.755378 1.23774e-26
0.755878 1.14349e-26
0.756378 1.06248e-26
0.756878 9.81471e-27
0.757379 9.11855e-27
0.757879 8.42239e-27
0.758379 7.82427e-27
0.758879 7.22614e-27
0.75938 6.71235e-27
0.75988 6.19856e-27
0.76038 5.7573e-27
0.76088 5.31605e-27
0.761381 4.93716e-27
0.761881 4.55827e-27
0.762381 4.233e-27
0.762881 3.90773e-27
0.763382 3.62855e-27
0.763882 3.34936e-27
0.764382 3.10979e-27
0.764882 2.87021e-27
0.765383 2.66466e-27
0.765883 2.45911e-27
0.766383 2.28279e-27
0.766883 2.10647e-27
0.767384 1.95526e-27
0.767884 1.80404e-27
0.768384 1.67438e-27
0.768884 1.54473e-27
0.769385 1.43357e-27
0.769885 1.32242e-27
0.770385 1.22715e-27
0.770885 1.13188e-27
0.771386 1.05024e-27
0.771886 9.68601e-28
0.772386 8.98656e-28
0.772886 8.2871e-28
0.773387 7.68796e-28
0.773887 7.08882e-28
0.774387 6.5757e-28
0.774887 6.06259e-28
0.775388 5.62324e-28
0.775888 5.18389e-28
0.776388 4.80778e-28
0.776888 4.43166e-28
0.777389 4.10975e-28
0.777889 3.78784e-28
0.778389 3.51237e-28
0.778889 3.2369e-28
0.77939 3.00122e-28
0.77989 2.76554e-28
0.78039 2.56394e-28
0.78089 2.36235e-28
0.781391 2.18994e-28
0.781891 2.01754e-28
0.782391 1.87012e-28
0.782891 1.72271e-28
0.783392 1.59669e-28
0.783892 1.47067e-28
0.784392 1.36297e-28
0.784892 1.25526e-28
0.785393 1.16322e-28
0.785893 1.07118e-28
0.786393 9.92552e-29
0.786893 9.1392e-29
0.787394 8.46754e-29
0.787894 7.79588e-29
0.788394 7.22229e-29
0.788894 6.64869e-29
0.789395 6.15893e-29
0.789895 5.66917e-29
0.790395 5.25108e-29
0.790895 4.833e-29
0.791396 4.47616e-29
0.791896 4.11933e-29
0.792396 3.81484e-29
0.792896 3.51035e-29
0.793397 3.25057e-29
0.793897 2.9908e-29
0.794397 2.76922e-29
0.794897 2.54763e-29
0.795398 2.35867e-29
0.795898 2.1697e-29
0.796398 2.00858e-29
0.796898 1.84747e-29
0.797399 1.71012e-29
0.797899 1.57277e-29
0.798399 1.45572e-29
0.798899 1.33866e-29
0.7994 1.23891e-29
0.7999 1.13916e-29
0.8004 1.05418e-29
0.8009 9.69203e-30
0.801401 8.9682e-30
0.801901 8.24437e-30
0.802401 7.62796e-30
0.802901 7.01154e-30
0.803402 6.4867e-30
0.803902 5.96187e-30
0.804402 5.5151e-30
0.804902 5.06833e-30
0.805403 4.68809e-30
0.805903 4.30785e-30
0.806403 3.98429e-30
0.806903 3.66074e-30
0.807404 3.38548e-30
0.807904 3.11022e-30
0.808404 2.87609e-30
0.808904 2.64196e-30
0.809405 2.44285e-30
0.809905 2.24375e-30
0.810405 2.07447e-30
0.810905 1.90518e-30
0.811406 1.76128e-30
0.811906 1.61738e-30
0.812406 1.49507e-30
0.812906 1.37277e-30
0.813407 1.26885e-30
0.813907 1.16493e-30
0.814407 1.07664e-30
0.814907 9.88358e-31
0.815408 9.1337e-31
0.815908 8.38382e-31
0.816408 7.74702e-31
0.816908 7.11021e-31
0.817409 6.56955e-31
0.817909 6.02888e-31
0.818409 5.56993e-31
0.818909 5.11097e-31
0.81941 4.72146e-31
0.81991 4.33195e-31
0.82041 4.00145e-31
0.82091 3.67094e-31
0.821411 3.39055e-31
0.821911 3.11017e-31
0.822411 2.87235e-31
0.822911 2.63453e-31
0.823412 2.43286e-31
0.823912 2.23119e-31
0.824412 2.06021e-31
0.824912 1.88922e-31
0.825413 1.74428e-31
0.825913 1.59934e-31
0.826413 1.47651e-31
0.826913 1.35367e-31
0.827414 1.24959e-31
0.827914 1.14551e-31
0.828414 1.05734e-31
0.828914 9.69167e-32
0.829415 8.94486e-32
0.829915 8.19805e-32
0.830415 7.56564e-32
0.830915 6.93323e-32
0.831416 6.3978e-32
0.831916 5.86237e-32
0.832416 5.40915e-32
0.832916 4.95593e-32
0.833417 4.57236e-32
0.833917 4.1888e-32
0.834417 3.86425e-32
0.834917 3.5397e-32
0.835418 3.26515e-32
0.835918 2.99059e-32
0.836418 2.75838e-32
0.836918 2.52616e-32
0.837419 2.3298e-32
0.837919 2.13343e-32
0.838419 1.96741e-32
0.838919 1.80139e-32
0.83942 1.66106e-32
0.83992 1.52073e-32
0.84042 1.40213e-32
0.84092 1.28353e-32
0.841421 1.18333e-32
0.841921 1.08312e-32
0.842421 9.9847e-33
0.842921 9.13818e-33
0.843422 8.42321e-33
0.843922 7.70824e-33
0.844422 7.1045e-33
0.844922 6.50076e-33
0.845423 5.99104e-33
0.845923 5.48133e-33
0.846423 5.05108e-33
0.846923 4.62084e-33
0.847424 4.25775e-33
0.847924 3.89465e-33
0.848424 3.58829e-33
0.848924 3.28193e-33
0.849425 3.0235e-33
0.849925 2.76506e-33
0.850425 2.54709e-33
0.850925 2.32912e-33
0.851426 2.14532e-33
0.851926 1.96152e-33
0.852426 1.80656e-33
0.852926 1.6516e-33
0.853427 1.52099e-33
0.853927 1.39037e-33
0.854427 1.2803e-33
0.854927 1.17023e-33
0.855428 1.07749e-33
0.855928 9.84746e-34
0.856428 9.0662e-34
0.856928 8.28495e-34
0.857429 7.62696e-34
0.857929 6.96897e-34
0.858429 6.41491e-34
0.858929 5.86085e-34
0.85943 5.3944e-34
0.85993 4.92794e-34
0.86043 4.53532e-34
0.86093 4.1427e-34
0.861431 3.81229e-34
0.861931 3.48189e-34
0.862431 3.20389e-34
0.862931 2.92589e-34
0.863432 2.69204e-34
0.863932 2.45819e-34
0.864432 2.26152e-34
0.864932 2.06484e-34
0.865433 1.89946e-34
0.865933 1.73408e-34
0.866433 1.59505e-34
0.866933 1.45601e-34
0.867434 1.33915e-34
0.867934 1.22229e-34
0.868434 1.12409e-34
0.868934 1.02588e-34
0.869435 9.43372e-35
0.869935 8.60861e-35
0.870435 7.9155e-35
0.870935 7.2224e-35
0.871436 6.64029e-35
0.871936 6.05819e-35
0.872436 5.56941e-35
0.872936 5.08063e-35
0.873437 4.67029e-35
0.873937 4.25995e-35
0.874437 3.91554e-35
0.874937 3.57113e-35
0.875438 3.28211e-35
0.875938 2.99309e-35
0.876438 2.7506e-35
0.876938 2.5081e-35
0.877439 2.3047e-35
0.877939 2.10129e-35
0.878439 1.93069e-35
0.878939 1.7601e-35
0.87944 1.61706e-35
0.87994 1.47402e-35
0.88044 1.35411e-35
0.88094 1.23419e-35
0.881441 1.13368e-35
0.881941 1.03317e-35
0.882441 9.4895e-36
0.882941 8.64726e-36
0.883442 7.94161e-36
0.883942 7.23596e-36
0.884442 6.64487e-36
0.884942 6.05378e-36
0.885443 5.55875e-36
0.885943 5.06373e-36
0.886443 4.64923e-36
0.886943 4.23474e-36
0.887444 3.88775e-36
0.887944 3.54076e-36
0.888444 3.25034e-36
0.888944 2.95991e-36
0.889445 2.71689e-36
0.889945 2.47386e-36
0.890445 2.27053e-36
0.890945 2.0672e-36
0.891446 1.89713e-36
0.891946 1.72705e-36
0.892446 1.58481e-36
0.892946 1.44258e-36
0.893447 1.32365e-36
0.893947 1.20472e-36
0.894447 1.1053e-36
0.894947 1.00588e-36
0.895448 9.22787e-37
0.895948 8.39693e-37
0.896448 7.70257e-37
0.896948 7.0082e-37
0.897449 6.42809e-37
0.897949 5.84798e-37
0.898449 5.36342e-37
0.898949 4.87886e-37
0.89945 4.47419e-37
0.89995 4.06952e-37
0.90045 3.73164e-37
0.90095 3.39376e-37
0.901451 3.11171e-37
0.901951 2.82965e-37
0.902451 2.59424e-37
0.902951 2.35883e-37
0.903452 2.16239e-37
0.903952 1.96596e-37
0.904452 1.80207e-37
0.904952 1.63819e-37
0.905453 1.50149e-37
0.905953 1.36479e-37
0.906453 1.25079e-37
0.906953 1.1368e-37
0.907454 1.04175e-37
0.907954 9.46697e-38
0.908454 8.67463e-38
0.908954 7.8823e-38
0.909455 7.22193e-38
0.909955 6.56156e-38
0.910455 6.0113e-38
0.910955 5.46103e-38
0.911456 5.00261e-38
0.911956 4.54418e-38
0.912456 4.16234e-38
0.912956 3.78049e-38
0.913457 3.46251e-38
0.913957 3.14452e-38
0.914457 2.87977e-38
0.914957 2.61501e-38
0.915458 2.39462e-38
0.915958 2.17423e-38
0.916458 1.99081e-38
0.916958 1.80739e-38
0.917459 1.65476e-38
0.917959 1.50214e-38
0.918459 1.37516e-38
0.918959 1.24819e-38
0.91946 1.14258e-38
0.91996 1.03696e-38
0.92046 9.49138e-39
0.92096 8.61311e-39
0.921461 7.8829e-39
0.921961 7.15269e-39
0.922461 6.5457e-39
0.922961 5.93871e-39
0.923462 5.43424e-39
0.923962 4.92978e-39
0.924462 4.51061e-39
0.924962 4.09143e-39
0.925463 3.7432e-39
0.925963 3.39497e-39
0.926463 3.10574e-39
0.926963 2.8165e-39
0.927464 2.57632e-39
0.927964 2.33613e-39
0.928464 2.13672e-39
0.928964 1.9373e-39
0.929465 1.77177e-39
0.929965 1.60624e-39
0.930465 1.46886e-39
0.930965 1.33148e-39
0.931466 1.21749e-39
0.931966 1.1035e-39
0.932466 1.00894e-39
0.932966 9.14375e-40
0.933467 8.35942e-40
0.933967 7.5751e-40
0.934467 6.9247e-40
0.934967 6.2743e-40
0.935468 5.73506e-40
0.935968 5.19583e-40
0.936468 4.74885e-40
0.936968 4.30187e-40
0.937469 3.93144e-40
0.937969 3.56101e-40
0.938469 3.25408e-40
0.938969 2.94714e-40
0.93947 2.69288e-40
0.93997 2.43861e-40
0.94047 2.22801e-40
0.94097 2.01742e-40
0.941471 1.84303e-40
0.941971 1.66864e-40
0.942471 1.52426e-40
0.942971 1.37988e-40
0.943472 1.26038e-40
0.943972 1.14087e-40
0.944472 1.04197e-40
0.944972 9.43063e-41
0.945473 8.6123e-41
0.945973 7.79397e-41
0.946473 7.11701e-41
0.946973 6.44006e-41
0.947474 5.88016e-41
0.947974 5.32027e-41
0.948474 4.85729e-41
0.948974 4.3943e-41
0.949475 4.01154e-41
0.949975 3.62877e-41
0.950475 3.31239e-41
0.950975 2.996e-41
0.951476 2.73454e-41
0.951976 2.47307e-41
0.952476 2.25704e-41
0.952976 2.04101e-41
0.953477 1.86255e-41
0.953977 1.68409e-41
0.954477 1.5367e-41
0.954977 1.38931e-41
0.955478 1.2676e-41
0.955978 1.1459e-41
0.956478 1.04542e-41
0.956978 9.4494e-42
0.957479 8.62005e-42
0.957979 7.7907e-42
0.958479 7.10628e-42
0.958979 6.42186e-42
0.95948 5.85717e-42
0.95998 5.29247e-42
0.96048 4.82665e-42
0.96098 4.36083e-42
0.961481 3.97664e-42
0.961981 3.59246e-42
0.962481 3.27567e-42
0.962981 2.95888e-42
0.963482 2.69772e-42
0.963982 2.43655e-42
0.964482 2.22129e-42
0.964982 2.00603e-42
0.965483 1.82864e-42
0.965983 1.65125e-42
0.966483 1.50509e-42
0.966983 1.35893e-42
0.967484 1.23854e-42
0.967984 1.11814e-42
0.968484 1.01899e-42
0.968984 9.19835e-43
0.969485 8.3819e-43
0.969985 7.56545e-43
0.970485 6.89331e-43
0.970985 6.22116e-43
0.971486 5.66794e-43
0.971986 5.11471e-43
0.972486 4.65945e-43
0.972986 4.20419e-43
0.973487 3.82963e-43
0.973987 3.45506e-43
0.974487 3.14695e-43
0.974987 2.83883e-43
0.975488 2.58543e-43
0.975988 2.33203e-43
0.976488 2.12367e-43
0.976988 1.9153e-43
0.977489 1.74401e-43
0.977989 1.57271e-43
0.978489 1.43191e-43
0.978989 1.29111e-43
0.97949 1.1754e-43
0.97999 1.05969e-43
0.98049 9.64616e-44
0.98099 8.69541e-44
0.981491 7.91431e-44
0.981991 7.13321e-44
0.982491 6.49158e-44
0.982991 5.84995e-44
0.983492 5.32293e-44
0.983992 4.7959e-44
0.984492 4.36302e-44
0.984992 3.93014e-44
0.985493 3.57457e-44
0.985993 3.219e-44
0.986493 2.92687e-44
0.986993 2.63474e-44
0.987494 2.39464e-44
0.987994 2.15455e-44
0.988494 1.95708e-44
0.988994 1.75961e-44
0.989495 1.59703e-44
0.989995 1.43445e-44
0.990495 1.30035e-44
0.990995 1.16626e-44
0.991496 1.05537e-44
0.991996 9.44482e-45
0.992496 8.52419e-45
0.992996 7.60355e-45
0.993497 6.83471e-45
0.993997 6.06587e-45
0.994497 5.41832e-45
0.994997 4.77076e-45
0.995498 4.21871e-45
0.995998 3.66667e-45
0.996498 3.18813e-45
0.996998 2.70959e-45
0.997499 2.28542e-45
0.997999 1.86124e-45
0.998499 1.47444e-45
0.998999 1.08765e-45
0.9995 7.22701e-46
1 3.57756e-46
