0.02 0.98
0.04 0.9604
0.06 0.941192
0.08 0.922368
0.1 0.903921
0.12 0.885842
0.14 0.868126
0.16 0.850763
0.18 0.833748
0.2 0.817073
0.22 0.800731
0.24 0.784717
0.26 0.769022
0.28 0.753642
0.3 0.738569
0.32 0.723798
0.34 0.709322
0.36 0.695135
0.38 0.681233
0.4 0.667608
0.42 0.654256
0.44 0.641171
0.46 0.628347
0.48 0.61578
0.5 0.603465
0.52 0.591395
0.54 0.579568
0.56 0.567976
0.58 0.556617
0.6 0.545484
0.62 0.534575
0.64 0.523883
0.66 0.513405
0.68 0.503137
0.7 0.493075
0.72 0.483213
0.74 0.473549
0.76 0.464078
0.78 0.454796
0.8 0.4457
0.82 0.436786
0.84 0.428051
0.86 0.41949
0.88 0.4111
0.9 0.402878
0.92 0.39482
0.94 0.386924
0.96 0.379185
0.98 0.371602
1 0.36417