1
0.993032
0.986041
0.979024
0.971989
0.964929
0.957853
0.950754
0.943642
0.936507
0.929365
0.922199
0.915029
0.907836
0.900643
0.893428
0.886216
0.878982
0.871756
0.864508
0.857272
0.850014
0.842771
0.835507
0.828262
0.820996
0.813752
0.806488
0.799251
0.791993
0.784764
0.777516
0.770302
0.763067
0.75587
0.748653
0.741476
0.73428
0.727128
0.719957
0.712833
0.70569
0.698597
0.691486
0.684428
0.677353
0.670332
0.663295
0.656316
0.649321
0.642387
0.635436
0.628549
0.621646
0.614809
0.607957
0.601173
0.594374
0.587646
0.580904
0.574234
0.56755
0.560942
0.554319
0.547774
0.541215
0.534735
0.528242
0.52183
0.515405
0.509063
0.502708
0.496437
0.490154
0.483957
0.477748
0.471626
0.465493
0.459448
0.453391
0.447424
0.441446
0.435559
0.429661
0.423855
0.418038
0.412314
0.40658
0.400938
0.395287
0.38973
0.384162
0.37869
0.373207
0.36782
0.362423
0.357121
0.351811
0.346595
0.341371
0.336242
0.331105
0.326063
0.321013
0.316057
0.311094
0.306226
0.301349
0.296568
0.291778
0.287083
0.28238
0.277771
0.273155
0.268631
0.264101
0.259663
0.255218
0.250864
0.246504
0.242233
0.237957
0.23377
0.229577
0.225472
0.221361
0.217336
0.213307
0.209362
0.205413
0.201547
0.197676
0.193888
0.190095
0.186382
0.182665
0.179028
0.175386
0.171821
0.168252
0.164759
0.161262
0.157839
0.154412
0.151057
0.147698
0.144409
0.141117
0.137892
0.134665
0.131503
0.128338
0.125237
0.122133
0.11909
0.116044
0.113058
0.110069
0.107137
0.104202
0.101323
0.0984402
0.0956102
0.0927777
0.0899952
0.0872105
0.0844732
0.0817338
0.0790394
0.076343
0.0736889
0.0710331
0.068417
0.0657993
0.0632187
0.0606366
0.058089
0.05554
0.0530229
0.0505044
0.0480152
0.0455247
0.0430608
0.0405957
0.0381545
0.0357122
0.033291
0.030869
0.0284652
0.0260606
0.0236715
0.0212819
0.0189049
0.0165274
0.0141598
0.0117918
0.00943083
0.00706966
0.00471271
0.00235565
